年月日,證券代號,證券名稱,外資買進股數,外資賣出股數,投信買進股數,投信賣出股數,自營商買進股數,自營商賣出股數,三大法人買賣超股數
2013/02/01,2884,玉山金          ,18026000,2069844,0,32000,116000,136000,15904156
2013/02/01,3481,群創            ,86390514,75536654,500000,0,10914000,8731000,13536860
2013/02/01,0050,台灣50          ,2819300,271000,0,143000,8759000,858000,10306300
2013/02/01,2891,中信金          ,20168543,14209783,992000,134000,3808000,2116000,8508760
2013/02/01,2303,聯電            ,15809000,5195000,0,857000,338000,1589000,8506000
2013/02/01,2887,台新金          ,6545000,1244934,0,0,356000,155000,5501066
2013/02/01,0061,寶滬深          ,685000,2043000,0,0,10305000,3463000,5484000
2013/02/01,2882,國泰金          ,4694000,549000,876000,0,342000,436000,4927000
2013/02/01,2301,光寶科          ,4200000,1272781,1829000,0,112000,99000,4769219
2013/02/01,2458,義隆            ,3301000,723000,1893000,2000,457000,448000,4478000
2013/02/01,2881,富邦金          ,4433812,2364324,2250000,0,557000,639000,4237488
2013/02/01,2886,兆豐金          ,5002000,1849215,878000,0,335000,379000,3986785
2013/02/01,1504,東元            ,6048709,2684000,454000,0,39000,20000,3837709
2013/02/01,2885,元大金          ,15722730,11913730,0,98000,1222000,1282000,3651000
2013/02/01,2330,台積電          ,22116126,18066272,0,327000,162000,245000,3639854
2013/02/01,6213,聯茂            ,3550000,48000,0,0,100000,0,3602000
2013/02/01,2880,華南金          ,3541000,377000,0,0,323000,29000,3458000
2013/02/01,2888,新光金          ,8065833,4667000,0,0,482000,497000,3383833
2013/02/01,1227,佳格            ,3487000,163000,0,350000,176000,2000,3148000
2013/02/01,1101,台泥            ,4430000,328000,30000,26000,20000,989000,3137000
2013/02/01,2883,開發金          ,4179000,1264000,0,0,1712000,1493000,3134000
2013/02/01,1605,華新            ,3277000,449000,0,0,256000,66000,3018000
2013/02/01,2002,中鋼            ,6469000,1270100,0,2300000,366000,259000,3005900
2013/02/01,5880,合庫金          ,3085000,1490000,0,0,1385000,74000,2906000
2013/02/01,2892,第一金          ,7892000,4882000,0,0,183000,450000,2743000
2013/02/01,2325,矽品            ,6424000,4778000,805000,0,233000,96000,2588000
2013/02/01,0055,寶金融          ,1924000,0,0,0,610000,30000,2504000
2013/02/01,2449,京元電          ,5157000,14000,173000,2747000,104000,267000,2406000
2013/02/01,2382,廣達            ,5302000,2558605,0,0,20000,364000,2399395
2013/02/01,2379,瑞昱            ,1358000,834950,2337000,304000,193000,383000,2366050
2013/02/01,1560,中砂            ,2066000,0,356000,0,0,70000,2352000
2013/02/01,2454,聯發科          ,4643146,1744000,0,643000,150000,57000,2349146
2013/02/01,4938,和碩            ,3355000,828896,0,0,292000,498000,2320104
2013/02/01,2834,臺企銀          ,2062000,205000,0,0,544000,86000,2315000
2013/02/01,1201,味全            ,1817000,77000,94000,79000,666000,125000,2296000
2013/02/01,2847,大眾銀          ,2533000,471000,0,0,520000,331000,2251000
2013/02/01,6271,同欣電          ,239000,433000,2461000,1000,178000,210000,2234000
2013/02/01,2317,鴻海            ,9237000,5387385,0,1433000,177000,542000,2051615
2013/02/01,2837,萬泰銀          ,1085000,14000,0,0,906000,0,1977000
2013/02/01,2347,聯強            ,5323676,2616676,60000,430000,22000,394000,1965000
2013/02/01,9904,寶成            ,3104000,766169,0,280000,119000,216000,1960831
2013/02/01,2823,中壽            ,4671000,2153861,0,178000,285000,735000,1889139
2013/02/01,2356,英業達          ,3236000,1297000,0,0,5000,57000,1887000
2013/02/01,1314,中石化          ,1965000,593350,0,0,1186000,689000,1868650
2013/02/01,3231,緯創            ,6213000,3517925,0,487000,123000,470000,1861075
2013/02/01,2610,華航            ,2601000,507000,0,0,98000,485000,1707000
2013/02/01,4904,遠傳            ,5206000,2995420,0,350000,17000,188000,1689580
2013/02/01,6285,啟??            ,161000,109000,1504000,0,111000,132000,1535000
2013/02/01,2371,大同            ,2192000,864000,0,0,0,0,1328000
2013/02/01,5388,中磊            ,132000,18000,971000,20000,285000,68000,1282000
2013/02/01,2106,建大            ,244000,37000,100000,0,1045000,124000,1228000
2013/02/01,5264,F-鎧勝          ,46000,934000,1990000,0,248000,186000,1164000
2013/02/01,1326,台化            ,3717000,2551000,0,0,14000,124000,1056000
2013/02/01,2867,三商壽          ,1015000,0,0,0,0,0,1015000
2013/02/01,2812,台中銀          ,793000,160652,0,0,637000,286000,983348
2013/02/01,2107,厚生            ,636000,6000,0,0,351000,2000,979000
2013/02/01,9939,宏全            ,1103000,174419,168000,251000,724000,608000,961581
2013/02/01,1455,集盛            ,193000,199000,956000,0,0,10000,940000
2013/02/01,2912,統一超          ,2029416,1039416,0,60000,1000,9000,922000
2013/02/01,6176,瑞儀            ,1769000,1202000,837000,419000,37000,103000,919000
2013/02/01,3702,大聯大          ,1314000,246000,0,31000,54000,204000,887000
2013/02/01,2520,冠德            ,411000,825000,888000,2000,608000,193000,887000
2013/02/01,6282,康舒            ,982000,3000,0,0,247000,357000,869000
2013/02/01,2809,京城銀          ,659000,65000,0,0,382000,124000,852000
2013/02/01,2603,長榮            ,1536000,746000,0,0,57000,0,847000
2013/02/01,1402,遠東新          ,2253000,905000,0,448000,52000,113000,839000
2013/02/01,3698,隆達            ,143000,360000,0,0,1054000,16000,821000
2013/02/01,1301,台塑            ,3073000,1617000,0,649000,46000,63000,790000
2013/02/01,2344,華邦電          ,3261000,2805000,400000,0,1000,76000,781000
2013/02/01,2357,華碩            ,1924000,1167105,14000,3000,28000,26000,769895
2013/02/01,2607,榮運            ,57000,20000,0,0,836000,113000,760000
2013/02/01,2838,聯邦銀          ,965000,4000,0,258000,100000,82000,721000
2013/02/01,2534,宏盛            ,684000,12000,0,2000,50000,0,720000
2013/02/01,9914,美利達          ,629000,98000,100000,9000,112000,27000,707000
2013/02/01,3042,晶技            ,688000,18000,0,0,1000,17000,654000
2013/02/01,2206,三陽            ,57000,13000,0,0,654000,57000,641000
2013/02/01,2105,正新            ,843000,232283,200000,451000,511000,236000,634717
2013/02/01,5522,遠雄            ,847000,308000,113000,3000,1000,35000,615000
2013/02/01,2383,台光電          ,221000,5000,0,0,472000,78000,610000
2013/02/01,2327,國巨            ,933000,330000,0,0,17000,20000,600000
2013/02/01,2504,國產            ,582000,42000,0,0,54000,0,594000
2013/02/01,4532,瑞智            ,136000,20000,235000,0,243000,4000,590000
2013/02/01,6257,矽格            ,494000,0,82000,2000,0,3000,571000
2013/02/01,6286,立錡            ,345000,86000,400000,90000,14000,18000,565000
2013/02/01,006207,FH滬深          ,503000,0,700000,0,258000,924000,537000
2013/02/01,9945,潤泰新          ,876000,291421,0,62000,106000,138000,490579
2013/02/01,3189,景碩            ,502000,213000,201000,12000,14000,4000,488000
2013/02/01,1723,中碳            ,881000,389358,11000,25000,14000,4000,487642
2013/02/01,3454,晶睿            ,56000,2000,433000,20000,18000,3000,482000
2013/02/01,5225,F-東科          ,466000,1000,0,0,0,0,465000
2013/02/01,3035,智原            ,40000,118000,0,0,675000,137000,460000
2013/02/01,006206,元上證          ,0,48000,0,0,1466000,961000,457000
2013/02/01,3008,大立光          ,505120,138000,187000,89781,121000,129000,456339
2013/02/01,2014,中鴻            ,485000,40000,0,0,0,0,445000
2013/02/01,1537,廣隆            ,71000,0,539000,40000,0,125000,445000
2013/02/01,1434,福懋            ,669000,226000,0,0,0,9000,434000
2013/02/01,4919,新唐            ,42000,12000,400000,0,0,0,430000
2013/02/01,2833,台壽保          ,470000,0,0,0,126000,177000,419000
2013/02/01,2324,仁寶            ,6921000,5202000,0,1112000,114000,303000,418000
2013/02/01,2911,麗嬰房          ,466000,40000,0,0,0,9000,417000
2013/02/01,3017,奇鋐            ,501000,88509,0,0,0,0,412491
2013/02/01,2204,中華            ,492000,35000,0,0,0,47000,410000
2013/02/01,3697,F-晨星          ,805000,340811,83000,101000,140,40000,406329
2013/02/01,2515,中工            ,271000,75000,0,0,316000,107000,405000
2013/02/01,910948,融達            ,380000,0,0,0,0,0,380000
2013/02/01,2489,瑞軒            ,666000,20000,145000,350000,61000,122000,380000
2013/02/01,006204,豐臺灣          ,0,0,0,0,458000,79000,379000
2013/02/01,2501,國建            ,480000,103000,0,0,0,0,377000
2013/02/01,3596,智易            ,50000,49000,399000,48000,0,0,352000
2013/02/01,1444,力麗            ,154000,27000,0,0,308000,85000,350000
2013/02/01,2342,茂矽            ,524000,177101,0,0,0,0,346899
2013/02/01,3061,璨圓            ,76000,107000,0,0,386000,15000,340000
2013/02/01,2474,可成            ,816785,495000,91000,177000,293000,190093,338692
2013/02/01,01002T,國泰R1          ,65000,0,0,0,260000,0,325000
2013/02/01,2542,興富發          ,887000,420000,108000,240000,22000,36000,321000
2013/02/01,4906,正文            ,278000,194000,296000,0,115000,176000,319000
2013/02/01,2015,豐興            ,324000,13000,0,0,0,0,311000
2013/02/01,911610,聯環            ,307000,1000,0,0,0,0,306000
2013/02/01,0051,中100           ,294000,0,0,0,0,0,294000
2013/02/01,5434,崇越            ,276000,53000,90000,0,0,26000,287000
2013/02/01,2923,F-鼎固          ,251000,0,0,0,31000,0,282000
2013/02/01,9105,泰金寶          ,277000,1000,0,0,0,0,276000
2013/02/01,2618,長榮航          ,1221000,590100,0,0,391000,758000,263900
2013/02/01,2450,神腦            ,62000,25000,138000,0,94000,9000,260000
2013/02/01,6230,超眾            ,20000,21000,260000,0,0,0,259000
2013/02/01,6152,百一            ,69000,7000,200000,0,0,11000,251000
2013/02/01,4930,燦星網          ,280000,30000,0,0,0,0,250000
2013/02/01,1507,永大            ,704000,346000,28000,138000,9000,10000,247000
2013/02/01,910579,歐聖            ,243000,0,0,0,0,0,243000
2013/02/01,2049,上銀            ,407000,135000,0,0,10000,50000,232000
2013/02/01,1313,聯成            ,262000,105000,0,0,87000,14000,230000
2013/02/01,2820,華票            ,587000,15000,0,281000,9000,70000,230000
2013/02/01,2345,智邦            ,227000,0,0,0,0,0,227000
2013/02/01,6505,台塑化          ,777000,637000,113000,0,3000,30000,226000
2013/02/01,4960,奇美材          ,585000,43000,868000,1494000,946000,638000,224000
2013/02/01,2315,神達            ,563000,34000,0,0,299000,609000,219000
2013/02/01,1440,南紡            ,33000,15000,200000,0,0,1000,217000
2013/02/01,1907,永豐餘          ,672000,379000,0,0,26000,104000,215000
2013/02/01,9917,中保            ,210000,19000,24000,0,0,0,215000
2013/02/01,3058,立德            ,184000,36000,0,0,66000,3000,211000
2013/02/01,1734,杏輝            ,225000,37000,0,0,20000,0,208000
2013/02/01,2801,彰銀            ,691000,337000,0,0,125000,286000,193000
2013/02/01,1712,興農            ,192000,0,0,0,0,3000,189000
2013/02/01,1802,台玻            ,457000,261000,0,0,1000,16000,181000
2013/02/01,2889,國票金          ,259000,88000,0,0,4000,0,175000
2013/02/01,3049,和鑫            ,190000,21000,0,0,0,0,169000
2013/02/01,3006,晶豪科          ,164000,0,0,0,0,0,164000
2013/02/01,911612,滬安            ,180000,0,0,0,0,19000,161000
2013/02/01,6192,巨路            ,135000,0,20000,0,0,0,155000
2013/02/01,5234,達興            ,30000,0,158000,33000,0,0,155000
2013/02/01,2395,研華            ,338000,152000,76000,109000,0,4000,149000
2013/02/01,2856,元富證          ,167000,20000,0,0,0,2000,145000
2013/02/01,5471,松翰            ,117000,17000,42000,0,0,0,142000
2013/02/01,9907,統一實          ,346000,482000,0,1000,281000,4000,140000
2013/02/01,6283,淳安            ,36000,0,0,0,103000,0,139000
2013/02/01,910322,康師傅          ,166000,5000,0,30000,0,0,131000
2013/02/01,2439,美律            ,215000,40000,0,151000,107000,0,131000
2013/02/01,2548,華固            ,429000,299000,0,8000,12000,6000,128000
2013/02/01,2362,藍天            ,178000,126000,0,0,76000,1000,127000
2013/02/01,2849,安泰銀          ,143000,19000,0,0,0,0,124000
2013/02/01,2535,達欣工          ,33000,19000,0,1000,108000,0,121000
2013/02/01,6145,勁永            ,1000,0,0,0,115000,0,116000
2013/02/01,3046,建??            ,110000,0,0,0,0,0,110000
2013/02/01,1337,F-再生          ,2000,0,50000,0,64000,7000,109000
2013/02/01,9933,中鼎            ,1765000,1478588,0,194000,14000,0,106412
2013/02/01,2102,泰豐            ,384000,128000,0,0,0,150000,106000
2013/02/01,2428,興勤            ,103000,0,0,0,0,0,103000
2013/02/01,1736,喬山            ,100000,2000,0,0,5000,1000,102000
2013/02/01,8210,勤誠            ,58000,3000,0,0,47000,0,102000
2013/02/01,4935,F-茂林          ,59000,91000,0,0,132000,0,100000
2013/02/01,8016,矽創            ,8000,20000,70000,0,40000,0,98000
2013/02/01,3022,威強電          ,37000,31538,80000,0,43000,31000,97462
2013/02/01,3704,合勤控          ,112000,15000,0,0,0,0,97000
2013/02/01,1717,長興            ,259000,166000,0,0,3000,0,96000
2013/02/01,1304,台聚            ,312000,238000,0,0,25000,4000,95000
2013/02/01,2461,光群雷          ,100000,7000,0,0,0,0,93000
2013/02/01,1590,F-亞德          ,337000,247167,0,0,3000,0,92833
2013/02/01,2360,致茂            ,873000,801000,17000,0,1000,0,90000
2013/02/01,3474,華亞科          ,636000,547000,0,0,0,0,89000
2013/02/01,2023,燁輝            ,95000,7000,0,0,0,0,88000
2013/02/01,2913,農林            ,24000,6000,0,0,150000,81000,87000
2013/02/01,1477,聚陽            ,135000,4000,0,44000,1000,1000,87000
2013/02/01,3060,銘異            ,224000,171000,0,0,154000,121000,86000
2013/02/01,8112,至上            ,156000,73000,0,0,0,0,83000
2013/02/01,9941,裕融            ,24000,0,110000,1000,7000,57000,83000
2013/02/01,2312,金寶            ,86000,5000,0,0,0,0,81000
2013/02/01,8422,可寧衛          ,65000,0,30000,0,0,15000,80000
2013/02/01,3056,總太            ,80000,4000,0,0,0,0,76000
2013/02/01,5515,建國            ,141000,67000,0,0,0,0,74000
2013/02/01,4306,炎洲            ,74000,0,0,0,0,0,74000
2013/02/01,5521,工信            ,103000,31000,0,0,0,0,72000
2013/02/01,2420,新巨            ,72000,0,0,0,0,1000,71000
2013/02/01,3023,信邦            ,76000,4000,0,0,3000,4000,71000
2013/02/01,2605,新興            ,320000,283000,0,0,32000,0,69000
2013/02/01,1517,利奇            ,70000,0,0,0,0,3000,67000
2013/02/01,2059,川湖            ,97000,170000,134000,0,9000,3000,67000
2013/02/01,8374,羅昇            ,71000,4000,0,0,0,0,67000
2013/02/01,5203,訊連            ,67000,1000,0,0,0,0,66000
2013/02/01,6120,達運            ,71000,0,0,0,0,6000,65000
2013/02/01,2457,飛宏            ,91000,27000,0,0,0,0,64000
2013/02/01,3005,神基            ,197000,58000,0,0,17000,94000,62000
2013/02/01,9910,豐泰            ,36000,0,0,0,30000,5000,61000
2013/02/01,1608,華榮            ,60000,0,0,0,0,0,60000
2013/02/01,1316,上曜            ,67000,9000,0,0,0,0,58000
2013/02/01,2012,春雨            ,81000,23000,0,0,0,0,58000
2013/02/01,2852,第一保          ,58000,1000,0,0,0,0,57000
2013/02/01,3044,健鼎            ,368800,251000,0,0,3000,64000,56800
2013/02/01,1733,五鼎            ,67000,14000,0,0,0,0,53000
2013/02/01,5531,鄉林            ,70000,18000,0,0,0,0,52000
2013/02/01,910069,新曄            ,52000,0,0,0,0,0,52000
2013/02/01,1515,力山            ,51000,0,0,0,0,0,51000
2013/02/01,3026,禾伸堂          ,50000,0,0,0,0,0,50000
2013/02/01,1234,黑松            ,33000,23000,0,0,38000,0,48000
2013/02/01,1409,新纖            ,108000,31000,0,0,4000,33000,48000
2013/02/01,2034,允強            ,57000,4000,0,0,0,6000,47000
2013/02/01,3532,台勝科          ,47000,2000,0,0,1000,0,46000
2013/02/01,2538,基泰            ,52000,73000,0,0,112000,45000,46000
2013/02/01,1603,華電            ,95000,54000,0,0,4000,0,45000
2013/02/01,3599,旺能            ,67000,22000,0,0,0,0,45000
2013/02/01,1609,大亞            ,45000,0,0,0,0,0,45000
2013/02/01,8249,菱光            ,44000,0,0,0,0,2000,42000
2013/02/01,2355,敬鵬            ,190000,9000,5000,0,80000,224000,42000
2013/02/01,2207,和泰車          ,136000,94000,0,0,2000,3000,41000
2013/02/01,2908,特力            ,46000,30000,0,0,25000,0,41000
2013/02/01,2208,台船            ,42000,1000,0,0,0,0,41000
2013/02/01,1714,和桐            ,166000,125000,0,0,0,0,41000
2013/02/01,2536,宏普            ,131000,83000,0,0,0,8000,40000
2013/02/01,4164,承業醫          ,10000,0,0,0,30000,0,40000
2013/02/01,2329,華泰            ,39000,0,0,0,0,0,39000
2013/02/01,3622,洋華            ,50000,6000,0,0,0,7000,37000
2013/02/01,910861,神州            ,37000,0,0,0,0,0,37000
2013/02/01,2031,新光鋼          ,47000,9000,0,1000,0,0,37000
2013/02/01,2476,鉅祥            ,36000,0,0,0,0,0,36000
2013/02/01,2010,春源            ,48000,10000,0,0,0,2000,36000
2013/02/01,911611,中泰山          ,37000,1000,0,0,0,0,36000
2013/02/01,3094,聯傑            ,77000,41000,0,0,0,0,36000
2013/02/01,1467,南緯            ,36000,0,0,0,0,0,36000
2013/02/01,2611,志信            ,37000,2000,0,0,0,0,35000
2013/02/01,910801,金衛            ,35000,0,0,0,0,0,35000
2013/02/01,2486,一詮            ,37000,7000,0,0,3000,0,33000
2013/02/01,2637,F-慧洋          ,35000,2000,0,0,0,0,33000
2013/02/01,6202,盛群            ,33000,0,0,0,0,0,33000
2013/02/01,1708,東鹼            ,30000,0,0,0,3000,0,33000
2013/02/01,5608,四維航          ,39000,7000,0,0,0,0,32000
2013/02/01,2374,佳能            ,259000,113000,0,150000,36000,0,32000
2013/02/01,2397,友通            ,31000,0,0,0,0,0,31000
2013/02/01,2305,全友            ,31000,0,0,0,0,0,31000
2013/02/01,006208,FB台50          ,0,0,0,0,30000,0,30000
2013/02/01,2408,南亞科          ,30000,0,0,0,0,0,30000
2013/02/01,2405,浩鑫            ,57000,22000,0,0,0,5000,30000
2013/02/01,3450,聯鈞            ,27000,2000,0,0,5000,0,30000
2013/02/01,2114,鑫永銓          ,39000,1000,30000,38000,0,1000,29000
2013/02/01,1531,高林股          ,29000,0,0,0,0,0,29000
2013/02/01,3514,昱晶            ,210000,166000,0,0,43000,58000,29000
2013/02/01,1789,神隆            ,178000,55000,0,0,75000,169000,29000
2013/02/01,2832,台產            ,8000,0,0,0,20000,0,28000
2013/02/01,3545,敦泰            ,70000,0,0,0,33000,75000,28000
2013/02/01,1604,聲寶            ,62000,34000,0,0,0,0,28000
2013/02/01,2404,漢唐            ,32000,2000,0,0,0,2000,28000
2013/02/01,2380,虹光            ,29000,1000,0,0,0,1000,27000
2013/02/01,2417,圓剛            ,27000,0,0,0,0,0,27000
2013/02/01,6224,聚鼎            ,24000,2000,5000,0,0,0,27000
2013/02/01,2601,益航            ,119000,74000,0,1357,0,17000,26643
2013/02/01,3033,威健            ,28000,0,0,0,0,3000,25000
2013/02/01,2608,大榮            ,31000,6000,0,0,0,0,25000
2013/02/01,01003T,新光R1          ,9000,0,0,0,15000,0,24000
2013/02/01,9927,泰銘            ,24000,0,0,0,0,0,24000
2013/02/01,1538,正峰新          ,28000,3000,0,0,0,1000,24000
2013/02/01,911602,華豐泰          ,24000,0,0,0,0,0,24000
2013/02/01,2506,太設            ,23000,0,0,0,1000,0,24000
2013/02/01,4915,致伸            ,23000,0,0,0,0,0,23000
2013/02/01,2227,裕日車          ,12000,10000,30000,3000,1000,7000,23000
2013/02/01,3050,鈺德            ,28000,5000,0,0,0,0,23000
2013/02/01,1737,臺鹽            ,23000,0,0,0,0,0,23000
2013/02/01,2467,志聖            ,20000,0,0,0,3000,0,23000
2013/02/01,1810,和成            ,24000,1000,0,0,0,0,23000
2013/02/01,9942,茂順            ,23000,1000,0,0,0,0,22000
2013/02/01,1308,亞聚            ,75000,53000,0,0,0,0,22000
2013/02/01,2841,台開            ,113000,91000,0,0,0,0,22000
2013/02/01,1103,嘉泥            ,21000,0,0,0,0,0,21000
2013/02/01,6702,興航            ,23000,1000,0,0,0,1000,21000
2013/02/01,1527,鑽全            ,20000,1000,0,0,2000,0,21000
2013/02/01,6183,關貿            ,21000,0,0,0,0,0,21000
2013/02/01,3031,佰鴻            ,28000,7000,0,0,0,0,21000
2013/02/01,3003,健和興          ,20000,0,0,0,0,0,20000
2013/02/01,1582,信錦            ,61000,7000,0,50000,16000,0,20000
2013/02/01,5305,敦南            ,39000,19000,0,0,0,0,20000
2013/02/01,3605,宏致            ,20000,0,0,0,0,0,20000
2013/02/01,6168,宏齊            ,25000,5000,0,0,0,0,20000
2013/02/01,3014,聯陽            ,28000,10000,0,0,0,0,18000
2013/02/01,2108,南帝            ,38000,20000,0,0,0,0,18000
2013/02/01,913889,大成糖          ,17000,0,0,0,0,0,17000
2013/02/01,1463,強盛            ,17000,0,0,0,0,0,17000
2013/02/01,8103,瀚荃            ,19000,0,0,0,0,2000,17000
2013/02/01,5533,皇鼎            ,71000,57000,0,0,2000,0,16000
2013/02/01,2448,晶電            ,1969000,1926000,15000,0,118000,160000,16000
2013/02/01,2466,冠西電          ,16000,0,0,0,0,0,16000
2013/02/01,5007,三星            ,15000,0,0,0,1000,0,16000
2013/02/01,1451,年興            ,16000,0,0,0,0,0,16000
2013/02/01,1532,勤美            ,30000,1000,0,0,25000,38000,16000
2013/02/01,1709,和益            ,23000,5000,0,0,0,2000,16000
2013/02/01,1902,台紙            ,45000,30000,0,0,0,0,15000
2013/02/01,2399,映泰            ,14000,0,0,0,0,0,14000
2013/02/01,1460,宏遠            ,14000,1000,0,0,1000,0,14000
2013/02/01,2612,中航            ,17000,3000,0,0,0,0,14000
2013/02/01,2030,彰源            ,19000,5000,0,0,0,0,14000
2013/02/01,911619,耀傑            ,22000,8000,0,0,0,0,14000
2013/02/01,1726,永記            ,14000,0,0,0,0,0,14000
2013/02/01,1715,萬洲            ,12000,0,0,0,2000,0,14000
2013/02/01,1904,正隆            ,108000,94000,0,0,0,0,14000
2013/02/01,01004T,富邦R2          ,14000,0,0,0,0,0,14000
2013/02/01,2351,順德            ,21000,0,0,0,0,7000,14000
2013/02/01,006203,寶摩臺          ,14000,0,0,0,0,0,14000
2013/02/01,1713,國化            ,14000,0,0,0,0,0,14000
2013/02/01,1512,瑞利            ,14000,0,0,0,0,0,14000
2013/02/01,4526,東台            ,14000,0,0,0,0,0,14000
2013/02/01,6196,帆宣            ,46000,32000,0,0,0,0,14000
2013/02/01,4722,國精化          ,14000,0,0,0,0,0,14000
2013/02/01,2340,光磊            ,14000,0,0,0,0,0,14000
2013/02/01,01001T,富邦R1          ,13000,0,0,0,0,0,13000
2013/02/01,3305,昇貿            ,13000,0,0,0,0,0,13000
2013/02/01,1762,中化生          ,14000,1000,0,0,0,0,13000
2013/02/01,910708,?琱j健          ,13000,0,0,0,0,0,13000
2013/02/01,2436,偉詮電          ,22000,9000,0,0,0,0,13000
2013/02/01,1711,永光            ,34000,21000,0,0,0,0,13000
2013/02/01,8215,明基材          ,12000,0,0,0,0,0,12000
2013/02/01,2904,匯僑            ,19000,7000,0,0,0,0,12000
2013/02/01,2441,超豐            ,3000,47000,56000,0,0,0,12000
2013/02/01,3028,增你強          ,12000,0,0,0,0,0,12000
2013/02/01,3494,誠研            ,13000,0,0,0,0,1000,12000
2013/02/01,2850,新產            ,11000,0,0,0,0,0,11000
2013/02/01,2816,旺旺保          ,11000,0,0,0,0,0,11000
2013/02/01,1307,三芳            ,11000,0,0,0,0,0,11000
2013/02/01,3653,健策            ,13000,2000,0,0,0,0,11000
2013/02/01,3209,全科            ,11000,0,0,0,0,0,11000
2013/02/01,2464,盟立            ,12000,0,0,1000,0,0,11000
2013/02/01,9940,信義            ,7000,11000,0,0,15000,0,11000
2013/02/01,3013,晟銘電          ,47000,36000,0,0,0,0,11000
2013/02/01,8033,雷虎            ,11000,0,0,0,0,0,11000
2013/02/01,1503,士電            ,41000,29000,0,0,0,1000,11000
2013/02/01,2707,晶華            ,50000,37800,0,1000,0,1000,10200
2013/02/01,3515,華擎            ,10000,0,0,0,0,0,10000
2013/02/01,6206,飛捷            ,10000,0,0,0,0,0,10000
2013/02/01,6116,彩晶            ,10000,0,0,0,0,0,10000
2013/02/01,1471,首利            ,17000,8000,0,0,0,0,9000
2013/02/01,0054,台商50          ,9000,0,0,0,0,0,9000
2013/02/01,2477,美隆電          ,9000,0,0,0,0,0,9000
2013/02/01,2462,良得電          ,7000,0,0,0,2000,0,9000
2013/02/01,5269,祥碩            ,6000,0,0,0,3000,0,9000
2013/02/01,6184,大豐電          ,9000,0,0,0,0,0,9000
2013/02/01,9935,慶豐富          ,9000,0,0,0,0,0,9000
2013/02/01,2482,連宇            ,9000,0,0,0,0,0,9000
2013/02/01,1338,F-廣華          ,9000,0,0,0,0,0,9000
2013/02/01,3559,全智科          ,9000,0,0,0,0,0,9000
2013/02/01,1720,生達            ,5000,0,0,0,4000,0,9000
2013/02/01,2484,希華            ,9000,0,0,0,0,0,9000
2013/02/01,1215,卜蜂            ,6000,0,0,0,2000,0,8000
2013/02/01,2443,新利虹          ,8000,0,0,0,0,0,8000
2013/02/01,3059,華晶科          ,193000,185000,0,0,0,0,8000
2013/02/01,2706,第一店          ,8000,0,0,0,0,0,8000
2013/02/01,8131,福懋科          ,13000,4000,0,0,0,1000,8000
2013/02/01,2527,宏璟            ,32000,24000,0,0,0,0,8000
2013/02/01,6216,居易            ,8000,0,0,0,0,0,8000
2013/02/01,912398,友佳            ,8000,0,0,0,0,0,8000
2013/02/01,0060,新台灣          ,0,0,0,0,8000,0,8000
2013/02/01,2431,聯昌            ,8000,0,0,0,0,0,8000
2013/02/01,2516,新建            ,8000,0,0,0,0,0,8000
2013/02/01,2472,立隆電          ,7000,0,0,0,0,0,7000
2013/02/01,9937,全國            ,12000,5000,0,0,0,0,7000
2013/02/01,2617,台航            ,8000,0,0,0,0,1000,7000
2013/02/01,2901,欣欣            ,7000,0,0,0,0,0,7000
2013/02/01,1229,聯華            ,20000,19000,0,0,6000,0,7000
2013/02/01,4733,上緯            ,6000,0,0,0,1000,0,7000
2013/02/01,3679,新至陞          ,6000,0,0,0,1000,0,7000
2013/02/01,1232,大統益          ,9000,1000,0,0,0,1000,7000
2013/02/01,9943,好樂迪          ,13000,7000,0,0,1000,0,7000
2013/02/01,6201,亞弘電          ,7000,0,0,0,0,0,7000
2013/02/01,3257,虹冠電          ,12000,5000,0,0,0,0,7000
2013/02/01,2434,統懋            ,7000,0,0,0,0,0,7000
2013/02/01,9934,成霖            ,7000,0,0,0,0,0,7000
2013/02/01,1773,勝一            ,7000,0,0,0,0,0,7000
2013/02/01,4119,旭富            ,28000,22000,0,0,0,0,6000
2013/02/01,0053,寶電子          ,6000,0,0,0,0,0,6000
2013/02/01,6142,友勁            ,6000,0,0,0,0,0,6000
2013/02/01,4106,雃博            ,0,0,0,0,6000,0,6000
2013/02/01,3048,益登            ,6000,0,0,0,0,0,6000
2013/02/01,4414,如興            ,7000,1000,0,0,0,0,6000
2013/02/01,1218,泰山            ,6000,0,0,0,0,0,6000
2013/02/01,6605,帝寶            ,8000,3000,0,0,1000,0,6000
2013/02/01,4141,F-龍燈          ,7000,1000,0,0,0,0,6000
2013/02/01,1530,亞崴            ,6000,0,0,0,0,1000,5000
2013/02/01,1522,堤維西          ,5000,0,0,0,0,0,5000
2013/02/01,0059,FB金融          ,7000,0,0,0,0,2000,5000
2013/02/01,3501,維熹            ,5000,0,0,0,0,0,5000
2013/02/01,9110,越南控          ,5000,0,0,0,0,0,5000
2013/02/01,2478,大毅            ,7000,1000,0,0,0,1000,5000
2013/02/01,2851,中再保          ,3000,0,0,0,2000,0,5000
2013/02/01,1909,榮成            ,5000,0,0,0,0,0,5000
2013/02/01,1416,廣豐            ,5000,0,0,0,0,0,5000
2013/02/01,1110,東泥            ,6000,0,0,0,0,1000,5000
2013/02/01,2723,F-美食          ,178000,109000,5000,70000,0,0,4000
2013/02/01,1614,三洋電          ,2000,1000,0,0,3000,0,4000
2013/02/01,0057,FB摩台          ,5000,1000,0,0,0,0,4000
2013/02/01,1219,福壽            ,6000,2000,0,0,0,0,4000
2013/02/01,2421,建準            ,27000,23000,0,0,0,0,4000
2013/02/01,3130,一零四          ,4000,0,0,0,0,0,4000
2013/02/01,2530,華建            ,4000,0,0,0,0,0,4000
2013/02/01,8429,F-金麗          ,4000,0,0,0,0,0,4000
2013/02/01,9924,福興            ,4000,0,0,0,0,0,4000
2013/02/01,2465,麗臺            ,3000,0,0,0,1000,0,4000
2013/02/01,3380,明泰            ,6000,2000,0,0,0,0,4000
2013/02/01,3617,碩天            ,4000,0,0,0,0,0,4000
2013/02/01,2029,盛餘            ,19000,16000,0,0,0,0,3000
2013/02/01,3015,全漢            ,5000,0,0,0,0,2000,3000
2013/02/01,1309,台達化          ,3000,0,0,0,0,0,3000
2013/02/01,6164,華興            ,3000,0,0,0,0,0,3000
2013/02/01,8114,振樺電          ,3000,0,0,0,0,0,3000
2013/02/01,6136,富爾特          ,5000,0,0,0,0,2000,3000
2013/02/01,2493,揚博            ,8000,5000,0,0,0,0,3000
2013/02/01,3573,穎台            ,14000,14000,0,0,3000,0,3000
2013/02/01,2390,云辰            ,51000,48000,0,0,0,0,3000
2013/02/01,3038,全台            ,4000,1000,0,0,0,0,3000
2013/02/01,6215,和椿            ,2000,0,0,0,1000,0,3000
2013/02/01,3308,聯德            ,3000,0,0,0,0,0,3000
2013/02/01,3296,勝德            ,3000,0,0,0,0,0,3000
2013/02/01,6108,競國            ,13000,16000,0,0,6000,0,3000
2013/02/01,2007,燁興            ,4000,2000,0,0,0,0,2000
2013/02/01,6191,精成科          ,3000,2000,0,0,1000,0,2000
2013/02/01,0081,?畯輕?          ,2000,0,0,0,0,0,2000
2013/02/01,1315,達新            ,2000,0,0,0,0,0,2000
2013/02/01,1617,榮星            ,2000,0,0,0,0,0,2000
2013/02/01,1465,偉全            ,2000,0,0,0,0,0,2000
2013/02/01,1413,宏洲            ,2000,0,0,0,0,0,2000
2013/02/01,2358,廷鑫            ,10000,9000,0,0,1000,0,2000
2013/02/01,1108,幸福            ,2000,0,0,0,0,0,2000
2013/02/01,4104,佳醫            ,2000,0,0,0,0,0,2000
2013/02/01,1473,台南            ,0,1000,0,0,3000,0,2000
2013/02/01,1459,聯發            ,1000,0,0,0,1000,0,2000
2013/02/01,2302,麗正            ,1000,0,0,0,0,0,1000
2013/02/01,3052,夆典            ,1000,0,0,0,0,0,1000
2013/02/01,2413,環科            ,8000,8000,0,0,1000,0,1000
2013/02/01,2444,友旺            ,1000,0,0,0,0,0,1000
2013/02/01,0058,FB發達          ,1000,0,0,0,0,0,1000
2013/02/01,2437,旺詮            ,0,0,0,0,1000,0,1000
2013/02/01,4133,亞諾法          ,1000,0,0,0,0,0,1000
2013/02/01,6166,凌華            ,1000,0,0,0,0,0,1000
2013/02/01,2442,新美齊          ,1000,0,0,0,0,0,1000
2013/02/01,9905,大華            ,11000,0,0,10000,0,0,1000
2013/02/01,2338,光罩            ,1000,0,0,0,0,0,1000
2013/02/01,3018,同開            ,1000,0,0,0,0,0,1000
2013/02/01,911608,明輝            ,1000,0,0,0,0,0,1000
2013/02/01,2509,全坤建          ,0,0,0,0,1000,0,1000
2013/02/01,2017,官田鋼          ,1000,0,0,0,0,0,1000
2013/02/01,3032,偉訓            ,1000,0,0,0,0,0,1000
2013/02/01,9930,中聯資          ,2000,0,0,0,0,1000,1000
2013/02/01,2020,美亞            ,5000,0,0,0,0,4000,1000
2013/02/01,3090,日電貿          ,0,0,0,0,1000,0,1000
2013/02/01,8070,長華            ,0,0,0,0,1000,0,1000
2013/02/01,1725,元禎            ,0,0,0,0,1000,0,1000
2013/02/01,8081,致新            ,30000,83000,0,1000,60000,5000,1000
2013/02/01,2468,華經            ,1000,0,0,0,0,0,1000
2013/02/01,1109,信大            ,1000,0,0,0,0,0,1000
2013/02/01,5215,F-科嘉          ,4000,3000,0,0,0,0,1000
2013/02/01,2546,根基            ,1000,0,0,0,0,0,1000
2013/02/01,6243,迅杰            ,0,0,0,0,1000,0,1000
2013/02/01,2359,所羅門          ,1000,0,0,0,0,0,1000
2013/02/01,3024,憶聲            ,1000,0,0,0,0,0,1000
2013/02/01,2460,建通            ,1000,0,0,0,0,0,1000
2013/02/01,1233,天仁            ,1000,0,0,0,0,0,1000
2013/02/01,1441,大東            ,2000,1000,0,0,0,0,1000
2013/02/01,2597,潤弘            ,3000,3000,0,0,1000,0,1000
2013/02/01,0080,?琱什?          ,600,0,0,0,0,0,600
2013/02/01,3040,遠見            ,4000,4000,0,0,0,0,0
2013/02/01,9918,欣天然          ,3000,3000,0,0,0,0,0
2013/02/01,2488,漢平            ,1000,1000,0,0,0,0,0
2013/02/01,2387,精元            ,7000,6000,0,0,0,1000,0
2013/02/01,2440,太空梭          ,0,0,0,0,1000,1000,0
2013/02/01,3588,通嘉            ,8000,8000,0,0,0,0,0
2013/02/01,3229,晟鈦            ,1000,0,0,0,0,1000,0
2013/02/01,3536,誠創            ,0,0,0,0,1000,1000,0
2013/02/01,2414,精技            ,1000,1000,0,0,0,0,0
2013/02/01,2425,承啟            ,1000,1000,0,0,0,0,0
2013/02/01,2614,東森            ,38000,38000,0,0,0,0,0
2013/02/01,9929,秋雨            ,0,0,0,0,0,1000,-1000
2013/02/01,3055,蔚華科          ,0,1000,0,0,0,0,-1000
2013/02/01,1321,大洋            ,6000,7000,0,0,0,0,-1000
2013/02/01,2539,櫻花建          ,0,2000,0,0,1000,0,-1000
2013/02/01,8926,台汽電          ,9000,7000,0,0,0,3000,-1000
2013/02/01,2456,奇力新          ,11000,12000,0,0,0,0,-1000
2013/02/01,3312,弘憶股          ,2000,3000,0,0,0,0,-1000
2013/02/01,1616,億泰            ,0,0,0,0,0,1000,-1000
2013/02/01,2910,統領            ,0,1000,0,0,0,0,-1000
2013/02/01,1203,味王            ,0,1000,0,0,0,0,-1000
2013/02/01,4142,國光生          ,19000,20000,0,0,0,0,-1000
2013/02/01,3701,大眾控          ,0,0,0,0,0,1000,-1000
2013/02/01,6165,捷泰            ,0,1000,0,0,0,0,-1000
2013/02/01,1809,中釉            ,1000,2000,0,0,0,0,-1000
2013/02/01,2032,新鋼            ,0,1000,0,0,0,0,-1000
2013/02/01,2701,萬企            ,1000,2000,0,0,0,0,-1000
2013/02/01,1446,宏和            ,0,1000,0,0,0,0,-1000
2013/02/01,1525,江申            ,0,0,0,0,0,1000,-1000
2013/02/01,3029,零壹            ,2000,3000,0,0,0,0,-1000
2013/02/01,2062,橋椿            ,3000,5000,0,0,0,0,-2000
2013/02/01,1464,得力            ,0,2000,0,0,0,0,-2000
2013/02/01,0052,FB科技          ,0,2000,0,0,0,0,-2000
2013/02/01,2373,震旦行          ,13000,15000,0,0,0,0,-2000
2013/02/01,3027,盛達            ,5000,7000,0,0,0,0,-2000
2013/02/01,3164,景岳            ,6000,8000,0,0,0,0,-2000
2013/02/01,8261,富鼎            ,1000,3000,0,0,0,0,-2000
2013/02/01,1235,興泰            ,0,2000,0,0,0,0,-2000
2013/02/01,9911,櫻花            ,19000,33000,0,0,12000,0,-2000
2013/02/01,3025,星通            ,6000,8000,0,0,0,0,-2000
2013/02/01,1514,亞力            ,0,2000,0,0,0,0,-2000
2013/02/01,3607,谷崧            ,27000,33000,0,1000,5000,0,-2000
2013/02/01,911868,同方友          ,0,2000,0,0,0,0,-2000
2013/02/01,2231,為升            ,0,3000,0,0,1000,0,-2000
2013/02/01,1319,東陽            ,36000,38000,0,0,0,120,-2120
2013/02/01,2430,燦坤            ,104000,67000,0,40000,0,0,-3000
2013/02/01,2906,高林            ,0,1000,0,0,0,2000,-3000
2013/02/01,1236,宏亞            ,0,3000,0,0,0,0,-3000
2013/02/01,6131,悠克            ,0,3000,0,0,0,0,-3000
2013/02/01,2722,夏都            ,0,3000,0,0,0,0,-3000
2013/02/01,4952,凌通            ,3000,6000,0,0,0,0,-3000
2013/02/01,1423,利華            ,0,3000,0,0,0,0,-3000
2013/02/01,6115,鎰勝            ,4000,7000,0,0,0,0,-3000
2013/02/01,6197,佳必琪          ,24000,24000,0,0,0,3000,-3000
2013/02/01,1535,中宇            ,16000,0,0,0,0,19000,-3000
2013/02/01,1445,大宇            ,0,3000,0,0,0,0,-3000
2013/02/01,2613,中櫃            ,0,4000,0,0,1000,0,-3000
2013/02/01,3004,豐達科          ,0,3000,0,0,0,0,-3000
2013/02/01,9955,佳龍            ,0,2000,0,0,0,1000,-3000
2013/02/01,8072,陞泰            ,7000,9000,0,0,0,1000,-3000
2013/02/01,6153,嘉聯益          ,55000,54457,0,20000,40000,24000,-3457
2013/02/01,6117,迎廣            ,0,4000,0,0,0,0,-4000
2013/02/01,2702,華園            ,1000,5000,0,0,0,0,-4000
2013/02/01,2543,皇昌            ,0,4000,0,0,0,0,-4000
2013/02/01,6189,豐藝            ,4000,8000,0,0,0,0,-4000
2013/02/01,2836,高雄銀          ,9000,13000,0,0,0,0,-4000
2013/02/01,2459,敦吉            ,43000,46000,0,0,0,1000,-4000
2013/02/01,1439,中和            ,5000,9000,0,0,0,0,-4000
2013/02/01,1442,名軒            ,0,9000,0,0,5000,0,-4000
2013/02/01,1533,車王電          ,0,4000,0,0,0,0,-4000
2013/02/01,5484,慧友            ,0,4000,0,0,0,0,-4000
2013/02/01,1453,大將            ,0,4000,0,0,0,0,-4000
2013/02/01,2471,資通            ,9000,13000,0,0,0,0,-4000
2013/02/01,3669,圓展            ,0,3000,0,0,0,1000,-4000
2013/02/01,3694,海華            ,1000,6000,0,0,0,0,-5000
2013/02/01,3535,晶彩科          ,10000,15000,0,0,0,0,-5000
2013/02/01,2316,楠梓電          ,5000,5000,0,0,0,5000,-5000
2013/02/01,3011,今皓            ,7000,12000,0,0,0,0,-5000
2013/02/01,8039,台虹            ,12000,17000,0,0,0,0,-5000
2013/02/01,1231,聯華食          ,0,5000,0,0,0,0,-5000
2013/02/01,3591,艾笛森          ,35000,41000,0,0,0,0,-6000
2013/02/01,1521,大億            ,5000,0,0,12000,1000,0,-6000
2013/02/01,1540,喬福            ,0,6000,0,0,0,0,-6000
2013/02/01,1437,勤益控          ,36000,42000,0,0,0,0,-6000
2013/02/01,2028,威致            ,0,6000,0,0,0,0,-6000
2013/02/01,1506,正道            ,0,7000,0,0,0,0,-7000
2013/02/01,1536,和大            ,45000,2000,0,0,0,50000,-7000
2013/02/01,2524,京城            ,29000,35000,0,1000,0,0,-7000
2013/02/01,3518,柏騰            ,5000,12000,0,0,0,0,-7000
2013/02/01,1417,嘉裕            ,42000,49000,0,0,0,0,-7000
2013/02/01,1589,F-永冠          ,0,0,0,8000,0,0,-8000
2013/02/01,4108,懷特            ,16000,24000,0,0,0,0,-8000
2013/02/01,9908,大台北          ,1000,9000,0,0,0,0,-8000
2013/02/01,5907,F-大洋          ,0,0,0,8000,0,0,-8000
2013/02/01,1519,華城            ,0,8000,0,0,0,0,-8000
2013/02/01,2480,敦陽科          ,4000,0,0,0,0,13000,-9000
2013/02/01,1710,東聯            ,782000,361000,0,491000,63000,2000,-9000
2013/02/01,1806,冠軍            ,2000,18000,0,0,7000,0,-9000
2013/02/01,9925,新保            ,1000,9000,0,0,0,1000,-9000
2013/02/01,3406,玉晶光          ,36000,18000,0,18000,3000,12000,-9000
2013/02/01,1466,聚隆            ,0,9000,0,0,0,0,-9000
2013/02/01,1432,大魯閣          ,0,9000,0,0,0,0,-9000
2013/02/01,3043,科風            ,112000,122210,0,0,1000,0,-9210
2013/02/01,1452,宏益            ,0,10000,0,0,0,0,-10000
2013/02/01,6112,聚碩            ,11000,21000,0,0,0,0,-10000
2013/02/01,2433,互盛電          ,15000,24000,0,0,0,1000,-10000
2013/02/01,8201,無敵            ,7000,17000,0,0,0,0,-10000
2013/02/01,2727,王品            ,1000,0,0,10000,0,1000,-10000
2013/02/01,2038,海光            ,0,9000,0,0,0,1000,-10000
2013/02/01,1903,士紙            ,4000,14000,0,0,0,0,-10000
2013/02/01,01007T,國泰R2          ,2000,13000,0,0,0,0,-11000
2013/02/01,1524,耿鼎            ,0,12000,0,0,0,0,-12000
2013/02/01,3579,尚志            ,1000,7000,0,0,0,6000,-12000
2013/02/01,2369,菱生            ,5000,17000,0,0,0,0,-12000
2013/02/01,3665,F-貿聯          ,2000,15000,0,0,0,0,-13000
2013/02/01,4746,台耀            ,1000,1000,0,13000,0,0,-13000
2013/02/01,6139,亞翔            ,1000,0,0,0,0,14000,-13000
2013/02/01,3016,嘉晶            ,0,13000,0,0,0,0,-13000
2013/02/01,2606,裕民            ,514000,405804,0,122000,0,0,-13804
2013/02/01,3504,揚明光          ,17000,34000,0,0,3000,0,-14000
2013/02/01,2495,普安            ,8000,22000,0,0,0,0,-14000
2013/02/01,3557,嘉威            ,0,15000,0,0,0,0,-15000
2013/02/01,3376,新日興          ,69000,128000,0,0,44000,0,-15000
2013/02/01,1701,中化            ,2000,19000,0,0,0,0,-17000
2013/02/01,1410,南染            ,29000,46000,0,0,0,0,-17000
2013/02/01,8021,尖點            ,72000,89000,0,0,0,0,-17000
2013/02/01,3356,奇偶            ,8000,1000,23000,46000,0,1000,-17000
2013/02/01,1618,合機            ,2000,19000,0,0,0,0,-17000
2013/02/01,2453,凌群            ,0,17000,0,0,0,0,-17000
2013/02/01,1457,宜進            ,0,19000,0,0,0,0,-19000
2013/02/01,3051,力特            ,0,19000,0,0,0,0,-19000
2013/02/01,1513,中興電          ,9000,36000,0,0,7000,0,-20000
2013/02/01,01008T,駿馬R1          ,7000,27000,0,0,0,0,-20000
2013/02/01,2027,大成鋼          ,7000,28000,0,0,0,0,-21000
2013/02/01,3036,文曄            ,185000,236344,0,0,35000,5000,-21344
2013/02/01,9151,旺旺            ,0,22000,0,0,0,0,-22000
2013/02/01,3533,嘉澤            ,124000,4000,0,139000,0,3000,-22000
2013/02/01,2427,三商電          ,1000,25000,0,0,0,0,-24000
2013/02/01,2009,第一銅          ,2000,26000,0,0,0,0,-24000
2013/02/01,8008,建興電          ,144000,44000,0,124000,0,0,-24000
2013/02/01,3062,建漢            ,17000,43000,0,0,0,0,-26000
2013/02/01,1611,中電            ,28000,25000,0,30000,0,0,-27000
2013/02/01,5469,瀚宇博          ,68000,93000,0,0,0,3000,-28000
2013/02/01,1435,中福            ,0,28000,0,0,0,0,-28000
2013/02/01,3705,永信            ,4000,32000,0,0,0,0,-28000
2013/02/01,2013,中鋼構          ,4000,0,0,35000,2000,0,-29000
2013/02/01,6214,精誠            ,9000,40000,0,0,0,0,-31000
2013/02/01,1731,美吾華          ,3000,34000,0,0,0,0,-31000
2013/02/01,3030,德律            ,10000,15000,0,0,6000,32000,-31000
2013/02/01,1808,潤隆            ,1000,29000,0,0,0,3000,-31000
2013/02/01,6005,群益證          ,674000,52000,0,653000,0,0,-31000
2013/02/01,2905,三商            ,204000,221000,50000,0,15000,80000,-32000
2013/02/01,1729,必翔            ,12000,45000,0,0,0,0,-33000
2013/02/01,3419,譁裕            ,0,18000,0,0,206000,222000,-34000
2013/02/01,1419,新紡            ,0,35000,0,0,0,0,-35000
2013/02/01,911616,杜康            ,0,35000,0,0,0,0,-35000
2013/02/01,2497,怡利電          ,0,37000,0,0,0,0,-37000
2013/02/01,2364,倫飛            ,1000,39000,0,0,0,0,-38000
2013/02/01,6235,華孚            ,1000,39000,0,0,0,0,-38000
2013/02/01,4976,佳凌            ,2000,40000,0,0,0,0,-38000
2013/02/01,2426,鼎元            ,42000,81000,0,0,0,0,-39000
2013/02/01,3584,介面            ,46000,85000,0,0,0,0,-39000
2013/02/01,2705,六福            ,37000,80000,0,0,0,0,-43000
2013/02/01,1447,力鵬            ,9000,46000,0,0,0,7000,-44000
2013/02/01,2375,智寶            ,1000,45000,0,0,0,0,-44000
2013/02/01,3019,亞光            ,146000,189000,0,1000,0,0,-44000
2013/02/01,8101,華冠            ,22000,66000,0,0,0,0,-44000
2013/02/01,2485,兆赫            ,74000,0,0,0,0,120000,-46000
2013/02/01,8105,凌巨            ,21000,62000,0,0,0,5000,-46000
2013/02/01,6281,全國電          ,54000,101000,0,0,0,0,-47000
2013/02/01,9938,百和            ,0,48000,0,0,0,0,-48000
2013/02/01,2368,金像電          ,15000,63000,0,0,0,0,-48000
2013/02/01,1718,中纖            ,17000,142000,0,0,76000,0,-49000
2013/02/01,1305,華夏            ,47000,316000,443000,198000,74000,100000,-50000
2013/02/01,1702,南僑            ,15000,71000,0,0,4000,0,-52000
2013/02/01,6277,宏正            ,7000,60000,0,0,0,0,-53000
2013/02/01,1104,環泥            ,8000,13000,0,0,0,51000,-56000
2013/02/01,2483,百容            ,0,56000,0,0,0,0,-56000
2013/02/01,2308,台達電          ,4578000,4553143,0,0,6000,87000,-56143
2013/02/01,2363,矽統            ,13000,68000,0,0,0,6000,-61000
2013/02/01,6289,華上            ,11000,75000,0,0,2000,1000,-63000
2013/02/01,3057,喬鼎            ,4000,68000,0,0,0,0,-64000
2013/02/01,8110,華東            ,27000,93000,0,0,0,0,-66000
2013/02/01,1707,葡萄王          ,43000,112000,0,0,3000,0,-66000
2013/02/01,2331,精英            ,507000,592000,0,0,28000,10000,-67000
2013/02/01,2376,技嘉            ,658000,374000,0,360000,7000,0,-69000
2013/02/01,9802,F-鈺齊          ,0,70000,0,0,0,0,-70000
2013/02/01,1217,愛之味          ,2000,72000,0,0,0,0,-70000
2013/02/01,0056,高股息          ,6000,0,0,0,1192000,1269000,-71000
2013/02/01,2006,東鋼            ,129000,205000,0,0,5000,0,-71000
2013/02/01,4144,F-康聯          ,3000,78000,0,0,0,0,-75000
2013/02/01,9906,欣巴巴          ,0,75000,0,0,0,0,-75000
2013/02/01,2481,強茂            ,6000,182000,0,0,100000,0,-76000
2013/02/01,4942,嘉彰            ,285000,12000,0,350000,0,0,-77000
2013/02/01,2545,皇翔            ,110000,53000,0,89000,10000,56000,-78000
2013/02/01,3593,力銘            ,1000,80000,0,0,2000,1000,-78000
2013/02/01,3638,F-IML           ,26000,4000,32000,135000,1000,0,-80000
2013/02/01,3673,F-TPK           ,7714008,7739008,53000,120000,79000,70003,-83003
2013/02/01,5607,遠雄港          ,1000,85000,0,0,0,1000,-85000
2013/02/01,2505,國揚            ,9000,125000,0,0,30000,0,-86000
2013/02/01,2104,中橡            ,105000,12000,0,226000,57000,11000,-87000
2013/02/01,1476,儒鴻            ,185000,95000,15000,196000,8000,5000,-88000
2013/02/01,4934,太極            ,3000,94000,0,0,0,0,-91000
2013/02/01,4725,信昌化          ,35000,134000,0,0,20000,17000,-96000
2013/02/01,5906,F-台南          ,0,97000,0,0,0,0,-97000
2013/02/01,2855,統一證          ,158000,11000,0,250000,0,0,-103000
2013/02/01,2451,創見            ,184000,192000,0,62000,0,36000,-106000
2013/02/01,2314,台揚            ,15000,130000,0,0,0,0,-115000
2013/02/01,2388,威盛            ,26000,142000,0,0,0,0,-116000
2013/02/01,3443,創意            ,50000,3000,22000,220000,36000,2000,-117000
2013/02/01,5706,鳳凰            ,0,1000,0,120000,1000,0,-120000
2013/02/01,1210,大成            ,26000,193000,39000,0,30000,30000,-128000
2013/02/01,3519,綠能            ,220000,364000,0,0,60000,46000,-130000
2013/02/01,3645,達邁            ,5000,6000,0,127000,0,2000,-130000
2013/02/01,2406,國碩            ,27000,160000,0,0,0,2000,-135000
2013/02/01,8011,台通            ,8000,144000,0,0,0,0,-136000
2013/02/01,2352,佳世達          ,27000,86000,0,0,0,78000,-137000
2013/02/01,2365,昆盈            ,32000,180000,0,0,0,0,-148000
2013/02/01,2511,太子            ,679000,694000,0,133000,58000,67000,-157000
2013/02/01,2101,南港            ,300000,426000,0,0,492000,525000,-159000
2013/02/01,2328,廣宇            ,17000,180000,0,0,0,0,-163000
2013/02/01,3047,訊舟            ,1000,69000,0,0,50000,150000,-168000
2013/02/01,3576,新日光          ,185000,346000,0,0,0,13000,-174000
2013/02/01,2499,東貝            ,31000,197000,0,0,21000,34000,-179000
2013/02/01,3010,華立            ,115000,295000,0,0,0,0,-180000
2013/02/01,6251,定穎            ,62000,248000,0,0,0,2000,-188000
2013/02/01,3561,昇陽科          ,21000,209000,0,0,0,1000,-189000
2013/02/01,8163,達方            ,37000,228000,0,0,0,10000,-201000
2013/02/01,2354,鴻準            ,439000,269956,0,665000,329000,35000,-201956
2013/02/01,2492,華新科          ,12000,215000,0,0,0,0,-203000
2013/02/01,006205,FB上証          ,262000,79000,0,0,2637000,3024000,-204000
2013/02/01,2367,燿華            ,22000,227000,0,0,0,0,-205000
2013/02/01,3383,新世紀          ,254000,476000,0,0,11000,0,-211000
2013/02/01,1905,華紙            ,7000,132000,200000,300000,14000,0,-211000
2013/02/01,2337,旺宏            ,2609000,2376106,0,0,703000,1160000,-224106
2013/02/01,2022,聚亨            ,62000,295000,0,0,0,0,-233000
2013/02/01,1310,台苯            ,145000,358191,0,0,0,31000,-244191
2013/02/01,3598,奕力            ,35000,230000,50000,100000,0,0,-245000
2013/02/01,2323,中環            ,917000,350000,0,0,0,818000,-251000
2013/02/01,9921,巨大            ,383000,642000,0,0,1000,0,-258000
2013/02/01,2332,友訊            ,123000,107000,0,0,15000,292000,-261000
2013/02/01,2704,國賓            ,10000,175000,0,140000,51000,16000,-270000
2013/02/01,2419,仲琦            ,37000,61000,0,0,100000,355000,-279000
2013/02/01,2890,永豐金          ,4602000,5550000,140000,0,841000,327000,-294000
2013/02/01,1303,南亞            ,2489000,2992000,256000,0,62000,119000,-304000
2013/02/01,1704,榮化            ,129000,447000,0,0,16000,20000,-322000
2013/02/01,1722,台肥            ,748000,1410000,0,0,383000,45000,-324000
2013/02/01,2377,微星            ,202000,526000,0,0,0,0,-324000
2013/02/01,8213,志超            ,129000,416000,0,0,29000,78000,-336000
2013/02/01,3149,正達            ,71000,28000,0,312000,45000,138000,-362000
2013/02/01,2103,台橡            ,609000,1008041,20000,0,15000,0,-364041
2013/02/01,2455,全新            ,280000,137000,22000,599000,66000,0,-368000
2013/02/01,2349,錸德            ,273000,648000,0,0,0,0,-375000
2013/02/01,9136,巨騰            ,34000,87000,0,395000,72000,4000,-380000
2013/02/01,2547,日勝生          ,357000,884000,0,0,773000,653000,-407000
2013/02/01,6269,台郡            ,462000,328000,68000,233436,19000,400000,-412436
2013/02/01,4958,F-臻鼎          ,975000,663994,94000,569000,200000,458000,-421994
2013/02/01,3703,欣陸            ,117000,568000,0,0,13000,0,-438000
2013/02/01,5871,F-中租          ,1857000,2032000,0,218000,227000,281000,-447000
2013/02/01,2392,正崴            ,247000,723000,0,0,21000,18000,-473000
2013/02/01,2393,億光            ,797000,946000,0,0,64000,405000,-490000
2013/02/01,2903,遠百            ,866000,1049000,0,351000,48000,24000,-510000
2013/02/01,2615,萬海            ,386000,927000,0,0,12000,0,-529000
2013/02/01,1102,亞泥            ,2687000,2917000,0,350200,101000,60000,-539200
2013/02/01,2514,龍邦            ,297000,197000,0,0,39000,708000,-569000
2013/02/01,2401,凌陽            ,77000,650000,0,0,0,4000,-577000
2013/02/01,8046,南電            ,234000,799000,0,0,5000,17000,-577000
2013/02/01,6278,台表科          ,108000,260000,0,477000,28000,28000,-629000
2013/02/01,2915,潤泰全          ,560000,499546,73000,820000,203000,165000,-648546
2013/02/01,6209,今國光          ,308000,81000,350000,1201000,100000,140000,-664000
2013/02/01,3311,閎暉            ,507000,732000,50000,675000,204000,86000,-732000
2013/02/01,3041,揚智            ,14000,671000,0,113000,32000,11000,-749000
2013/02/01,8271,宇瞻            ,0,53000,0,701000,0,0,-754000
2013/02/01,3034,聯詠            ,681000,1080461,314000,669000,151000,212000,-815461
2013/02/01,5534,長虹            ,371000,1184218,50000,20000,108000,157000,-832218
2013/02/01,2402,毅嘉            ,38000,78000,0,0,0,800000,-840000
2013/02/01,3686,達能            ,4000,136000,0,0,0,734000,-866000
2013/02/01,2845,遠東銀          ,705000,1147000,0,500000,43000,0,-899000
2013/02/01,2313,華通            ,100000,1322000,0,0,306000,101000,-1017000
2013/02/01,2385,群光            ,590000,1088000,0,552200,32000,9000,-1027200
2013/02/01,3037,欣興            ,3019000,2832000,0,0,121000,1442000,-1134000
2013/02/01,1312,國喬            ,132000,286000,0,1030000,59000,23000,-1148000
2013/02/01,1216,統一            ,4274000,5681000,276000,27010,152000,161000,-1167010
2013/02/01,2201,裕隆            ,485000,2244000,1696000,1816000,670000,108000,-1317000
2013/02/01,8078,華寶            ,371000,499000,0,1161000,27000,74000,-1336000
2013/02/01,2498,宏達電          ,1043717,1657150,0,172000,354000,933000,-1364433
2013/02/01,2353,宏??            ,867000,1930000,0,0,657000,1029000,-1435000
2013/02/01,6239,力成            ,1688000,2860000,5000,372000,60000,144000,-1623000
2013/02/01,2609,陽明            ,1017000,2697000,0,0,7000,150000,-1823000
2013/02/01,2412,中華電          ,1455300,3374000,0,99000,132000,116000,-2001700
2013/02/01,3045,台灣大          ,1811000,5003152,0,0,28000,21000,-3185152
2013/02/01,2384,勝華            ,843000,4140000,0,0,90000,418000,-3625000
2013/02/01,2475,華映            ,0,5166492,0,0,0,0,-5166492
2013/02/01,2311,日月光          ,5656000,11843366,47000,1204000,883000,402000,-6863366
2013/02/01,2409,友達            ,8829000,15473000,150000,2500000,813000,1251000,-9432000
