年月日,證券代號,證券名稱,外資買進股數,外資賣出股數,投信買進股數,投信賣出股數,自營商買進股數,自營商賣出股數,三大法人買賣超股數
2013/11/04,3576,新日光          ,15801000,3105748,720000,534030,1115000,2254000,11742222
2013/11/04,2454,聯發科          ,14731500,3115968,448000,20000,288000,1140000,11191532
2013/11/04,3022,威強電          ,128000,6000,0,0,9284000,0,9406000
2013/11/04,2311,日月光          ,13507000,8191000,517000,890000,1728000,2138918,4532082
2013/11/04,2474,可成            ,4807200,1218000,262000,195000,1191000,342000,4505200
2013/11/04,3682,亞太電          ,4601000,204000,0,0,280000,179000,4498000
2013/11/04,2312,金寶            ,1032092,499000,6855000,0,1603000,5210000,3781092
2013/11/04,2356,英業達          ,4563000,1251000,0,0,226000,89000,3449000
2013/11/04,1312,國喬            ,4429828,856000,0,0,4000,257000,3320828
2013/11/04,6257,矽格            ,672000,337000,1212000,0,1531000,54000,3024000
2013/11/04,3474,華亞科          ,5064000,1866000,0,15000,0,510000,2673000
2013/11/04,2357,華碩            ,3023102,392083,0,0,154000,616000,2169019
2013/11/04,2884,玉山金          ,5321000,3202000,0,0,21000,114000,2026000
2013/11/04,2379,瑞昱            ,1932000,265000,83000,0,269000,87000,1932000
2013/11/04,3697,F-晨星          ,1593000,571898,774000,35000,37000,45409,1751693
2013/11/04,1201,味全            ,2850698,217000,0,641000,177000,495000,1674698
2013/11/04,8039,台虹            ,1666000,63000,195000,90000,7000,263000,1452000
2013/11/04,910322,康師傅          ,1450000,4000,0,54000,0,0,1392000
2013/11/04,1590,F-亞德          ,1313000,427000,290000,12000,279000,99000,1344000
2013/11/04,2324,仁寶            ,13758050,12728440,0,90000,945963,587131,1298442
2013/11/04,2610,華航            ,2213000,493000,0,0,300000,737000,1283000
2013/11/04,1513,中興電          ,4456000,2196000,0,1000000,0,0,1260000
2013/11/04,2448,晶電            ,2562000,1335000,0,0,124000,130000,1221000
2013/11/04,2330,台積電          ,7566000,6065143,0,265000,259000,381000,1113857
2013/11/04,2449,京元電          ,723154,486000,840000,0,317000,339000,1055154
2013/11/04,2913,農林            ,1431000,121000,0,0,305000,697000,918000
2013/11/04,2609,陽明            ,1409400,677000,182000,0,0,0,914400
2013/11/04,9904,寶成            ,1459000,637000,0,0,70000,18000,874000
2013/11/04,2337,旺宏            ,2284000,1437001,0,0,0,0,846999
2013/11/04,4960,奇美材          ,1606828,939000,0,0,291000,114000,844828
2013/11/04,2382,廣達            ,2816000,1600500,0,43000,193000,538000,827500
2013/11/04,2498,宏達電          ,860000,1720694,475000,0,2156474,944000,826780
2013/11/04,6176,瑞儀            ,1284000,508100,0,1000,61000,43000,792900
2013/11/04,4938,和碩            ,2210000,1345000,0,9000,147000,220000,783000
2013/11/04,3037,欣興            ,1634522,718000,0,134000,32000,84000,730522
2013/11/04,8021,尖點            ,781000,31000,0,0,0,39000,711000
2013/11/04,1434,福懋            ,1311000,669000,368000,440000,275000,135000,710000
2013/11/04,2618,長榮航          ,1033000,828000,0,0,569000,73000,701000
2013/11/04,1712,興農            ,642000,1000,0,0,43000,0,684000
2013/11/04,2439,美律            ,930004,184000,0,1000,70000,134000,681004
2013/11/04,4915,致伸            ,918000,132000,334000,0,77000,517000,680000
2013/11/04,9136,巨騰            ,841000,0,0,0,92000,258000,675000
2013/11/04,1907,永豐餘          ,1033000,304000,0,0,25000,86000,668000
2013/11/04,3514,昱晶            ,1272000,510000,0,0,103000,233000,632000
2013/11/04,2542,興富發          ,718000,89000,0,3000,32000,31000,627000
2013/11/04,9914,美利達          ,939000,349000,0,20000,68000,27000,611000
2013/11/04,3035,智原            ,676000,21000,0,0,76000,123000,608000
2013/11/04,5388,中磊            ,233000,172000,500000,0,66000,20000,607000
2013/11/04,3017,奇鋐            ,665000,74985,0,0,0,0,590015
2013/11/04,1504,東元            ,2516252,1042000,0,879000,34000,41000,588252
2013/11/04,1909,榮成            ,554000,18000,0,0,0,0,536000
2013/11/04,6202,盛群            ,561000,2000,0,0,0,31000,528000
2013/11/04,2349,錸德            ,798000,278000,0,0,0,0,520000
2013/11/04,2405,浩鑫            ,495000,7000,0,0,6000,2000,492000
2013/11/04,2313,華通            ,1439534,1124000,0,0,409000,264000,460534
2013/11/04,6005,群益證          ,719000,288002,0,0,0,0,430998
2013/11/04,2384,勝華            ,342000,124000,0,0,200000,0,418000
2013/11/04,4934,太極            ,393000,0,0,0,30000,20000,403000
2013/11/04,006207,FH滬深          ,0,0,0,100000,503000,1000,402000
2013/11/04,3705,永信            ,500000,2000,0,0,50000,147000,401000
2013/11/04,3036,文曄            ,380000,3000,0,0,20000,2000,395000
2013/11/04,8215,明基材          ,165000,3000,0,0,233000,0,395000
2013/11/04,2376,技嘉            ,487718,141000,0,0,23000,0,369718
2013/11/04,1532,勤美            ,783000,14000,0,196000,61000,267000,367000
2013/11/04,6285,啟??            ,549160,176000,0,0,52000,62000,363160
2013/11/04,4532,瑞智            ,371000,43000,0,0,35000,15000,348000
2013/11/04,2062,橋椿            ,387092,39000,0,0,20000,54000,314092
2013/11/04,2456,奇力新          ,100000,2000,97000,0,146000,40000,301000
2013/11/04,2301,光寶科          ,1797000,1445748,0,0,60000,116000,295252
2013/11/04,3545,敦泰            ,287000,114000,511000,262000,14000,150000,286000
2013/11/04,3045,台灣大          ,3740000,3478100,0,16000,59000,22000,282900
2013/11/04,1104,環泥            ,400446,34000,0,100000,16000,0,282446
2013/11/04,2480,敦陽科          ,2000,5000,275000,0,0,0,272000
2013/11/04,0055,寶金融          ,0,0,0,0,279000,9000,270000
2013/11/04,1718,中纖            ,526000,70000,0,0,5000,193000,268000
2013/11/04,5534,長虹            ,379512,139000,0,0,24000,20000,244512
2013/11/04,2368,金像電          ,161000,115000,0,0,200000,4000,242000
2013/11/04,2412,中華電          ,1590100,1467000,0,0,133000,23000,233100
2013/11/04,3494,誠研            ,246000,115000,0,0,97000,0,228000
2013/11/04,6251,定穎            ,197000,2000,0,0,0,0,195000
2013/11/04,2852,第一保          ,195000,8000,0,0,0,3000,184000
2013/11/04,3023,信邦            ,162000,11000,0,0,50000,22000,179000
2013/11/04,2105,正新            ,1548000,1350550,0,69000,91000,42000,177450
2013/11/04,2109,華豐            ,207000,30000,0,0,0,0,177000
2013/11/04,006206,元上證          ,0,0,0,0,4157000,3982000,175000
2013/11/04,1232,大統益          ,63000,18000,128000,0,0,0,173000
2013/11/04,2101,南港            ,202000,330000,0,0,299000,0,171000
2013/11/04,1762,中化生          ,175000,7000,0,0,1000,0,169000
2013/11/04,4958,F-臻鼎          ,457000,63000,150000,400000,104000,83000,165000
2013/11/04,2332,友訊            ,295000,117000,0,0,2000,16000,164000
2013/11/04,2505,國揚            ,117000,77000,0,0,113000,0,153000
2013/11/04,3049,和鑫            ,210000,68000,0,0,0,0,142000
2013/11/04,6278,台表科          ,162000,4000,0,0,1000,21000,138000
2013/11/04,9933,中鼎            ,473000,429000,0,0,98000,4000,138000
2013/11/04,4144,F-康聯          ,162000,31000,0,0,4000,0,135000
2013/11/04,2608,大榮            ,144000,9000,0,0,0,0,135000
2013/11/04,1904,正隆            ,310000,73000,0,0,0,104000,133000
2013/11/04,3034,聯詠            ,1260000,686000,76000,410000,30000,139000,131000
2013/11/04,3598,奕力            ,129000,0,0,0,0,0,129000
2013/11/04,2915,潤泰全          ,214000,311000,68000,16000,322000,149000,128000
2013/11/04,5521,工信            ,140000,13000,0,0,0,0,127000
2013/11/04,1527,鑽全            ,205000,81000,0,0,0,0,124000
2013/11/04,2103,台橡            ,259000,172000,0,0,38000,3000,122000
2013/11/04,2428,興勤            ,122000,0,0,0,0,0,122000
2013/11/04,2377,微星            ,257348,153000,0,0,56000,40000,120348
2013/11/04,2481,強茂            ,103000,3000,0,0,20000,0,120000
2013/11/04,1714,和桐            ,138000,19000,0,0,0,0,119000
2013/11/04,3041,揚智            ,150000,29000,0,0,27000,31000,117000
2013/11/04,1531,高林股          ,103000,9000,0,0,20000,0,114000
2013/11/04,2406,國碩            ,98000,236000,168000,0,94000,12000,112000
2013/11/04,2476,鉅祥            ,166000,0,0,0,0,54000,112000
2013/11/04,5522,遠雄            ,229000,117000,0,0,6000,7000,111000
2013/11/04,1902,台紙            ,0,18000,0,0,128000,0,110000
2013/11/04,2015,豐興            ,294000,192000,0,0,8000,0,110000
2013/11/04,1477,聚陽            ,1504000,1450737,91000,19000,43000,60000,108263
2013/11/04,6183,關貿            ,24000,5000,0,0,89000,0,108000
2013/11/04,6153,嘉聯益          ,165000,40000,0,0,2000,21000,106000
2013/11/04,6504,南六            ,2000,19000,69000,0,72000,18000,106000
2013/11/04,1702,南僑            ,689626,248000,0,346000,62000,55000,102626
2013/11/04,4536,拓凱            ,82000,50000,0,0,70000,0,102000
2013/11/04,1339,昭輝            ,7000,2000,90000,0,0,0,95000
2013/11/04,8163,達方            ,114000,35000,0,0,14000,0,93000
2013/11/04,3229,晟鈦            ,107000,14000,0,0,0,1000,92000
2013/11/04,2441,超豐            ,100000,8000,0,0,0,0,92000
2013/11/04,2323,中環            ,454000,97000,0,0,0,268000,89000
2013/11/04,01003T,新光R1          ,90000,1580,0,0,0,0,88420
2013/11/04,2392,正崴            ,264000,220000,0,0,95000,51000,88000
2013/11/04,8271,宇瞻            ,100000,13000,0,0,0,0,87000
2013/11/04,2905,三商            ,130000,37000,0,0,4000,15000,82000
2013/11/04,5234,達興            ,51000,13000,44000,20000,34000,14000,82000
2013/11/04,1313,聯成            ,200000,16000,0,83000,0,20000,81000
2013/11/04,2536,宏普            ,107000,26000,0,0,0,0,81000
2013/11/04,1802,台玻            ,208000,358000,0,0,238000,8000,80000
2013/11/04,2342,茂矽            ,105000,26000,0,0,0,0,79000
2013/11/04,3376,新日興          ,75520,4000,0,0,12000,5000,78520
2013/11/04,1416,廣豐            ,87000,9000,0,0,0,0,78000
2013/11/04,2888,新光金          ,6179000,5929464,0,0,264000,436000,77536
2013/11/04,1467,南緯            ,114000,0,0,0,123000,160000,77000
2013/11/04,3026,禾伸堂          ,115000,36000,0,0,5000,7000,77000
2013/11/04,8078,華寶            ,248000,172000,0,0,0,0,76000
2013/11/04,2605,新興            ,125000,39000,0,0,0,10000,76000
2013/11/04,3057,喬鼎            ,74000,76000,0,0,78000,0,76000
2013/11/04,4942,嘉彰            ,250000,37000,0,147000,9000,0,75000
2013/11/04,2375,智寶            ,80000,5000,0,0,0,0,75000
2013/11/04,2431,聯昌            ,73000,0,0,0,0,0,73000
2013/11/04,1524,耿鼎            ,79000,7000,0,0,0,0,72000
2013/11/04,8033,雷虎            ,73000,0,0,0,0,1000,72000
2013/11/04,910861,神州            ,71000,0,0,0,0,0,71000
2013/11/04,2832,台產            ,72000,1000,0,0,0,0,71000
2013/11/04,4104,佳醫            ,97000,2000,0,0,5000,30000,70000
2013/11/04,2514,龍邦            ,149000,53000,0,0,32000,59000,69000
2013/11/04,2459,敦吉            ,89000,25000,0,0,4000,0,68000
2013/11/04,3010,華立            ,118000,34000,0,0,0,16000,68000
2013/11/04,9802,F-鈺齊          ,72000,6000,0,0,1000,0,67000
2013/11/04,8016,矽創            ,457000,9000,0,200000,31000,212000,67000
2013/11/04,9921,巨大            ,385000,315000,70000,71000,0,4000,65000
2013/11/04,1533,車王電          ,247000,183000,0,0,0,0,64000
2013/11/04,4733,上緯            ,71000,8000,0,0,1000,0,64000
2013/11/04,3605,宏致            ,72000,12000,0,0,2000,0,62000
2013/11/04,9924,福興            ,15000,14000,30000,0,30000,0,61000
2013/11/04,1503,士電            ,93000,32000,0,0,0,0,61000
2013/11/04,911609,揚子江          ,57000,0,0,0,0,0,57000
2013/11/04,8101,華冠            ,105000,49000,0,0,0,0,56000
2013/11/04,6277,宏正            ,27000,4000,26000,0,7000,0,56000
2013/11/04,3056,總太            ,77000,22000,0,0,0,2000,53000
2013/11/04,1455,集盛            ,61000,61000,0,0,52000,0,52000
2013/11/04,2328,廣宇            ,61000,7000,0,0,0,2000,52000
2013/11/04,1525,江申            ,25000,3000,0,0,30000,0,52000
2013/11/04,3005,神基            ,403000,352000,0,0,1000,1000,51000
2013/11/04,2727,王品            ,58000,6000,5000,0,0,6000,51000
2013/11/04,3596,智易            ,50000,63000,60000,0,15000,11000,51000
2013/11/04,9105,泰金寶          ,0,18000,0,0,68000,0,50000
2013/11/04,2484,希華            ,53000,3000,0,0,0,0,50000
2013/11/04,1614,三洋電          ,50000,2000,0,0,0,0,48000
2013/11/04,911868,同方友          ,46000,0,0,0,0,0,46000
2013/11/04,2404,漢唐            ,84000,43000,0,0,4000,0,45000
2013/11/04,8261,富鼎            ,59000,17000,0,0,1000,0,43000
2013/11/04,2495,普安            ,75000,32000,0,0,0,0,43000
2013/11/04,1604,聲寶            ,21000,6000,0,0,28000,0,43000
2013/11/04,2457,飛宏            ,50000,9000,0,0,0,0,41000
2013/11/04,9946,三發            ,74000,30000,0,0,0,3000,41000
2013/11/04,2417,圓剛            ,85000,43000,0,0,0,1000,41000
2013/11/04,2548,華固            ,515796,538001,40000,0,27000,4000,40795
2013/11/04,9906,欣巴巴          ,41000,1000,0,0,0,0,40000
2013/11/04,3061,璨圓            ,111000,81000,0,0,10000,0,40000
2013/11/04,3015,全漢            ,42000,1000,0,0,0,3000,38000
2013/11/04,1608,華榮            ,90000,52000,0,0,0,0,38000
2013/11/04,1217,愛之味          ,73000,36000,0,0,0,0,37000
2013/11/04,1905,華紙            ,166000,141000,0,0,10000,0,35000
2013/11/04,9910,豐泰            ,59946,98000,0,0,80000,7000,34946
2013/11/04,3380,明泰            ,64000,25000,0,0,0,6000,33000
2013/11/04,2841,台開            ,76000,43000,0,0,0,0,33000
2013/11/04,6152,百一            ,63000,30000,0,0,0,0,33000
2013/11/04,2485,兆赫            ,98000,76000,0,0,14000,4000,32000
2013/11/04,8131,福懋科          ,35000,1000,0,0,0,2000,32000
2013/11/04,4725,信昌化          ,58000,26000,0,0,0,1000,31000
2013/11/04,1451,年興            ,69000,50000,0,0,77000,65000,31000
2013/11/04,2538,基泰            ,56000,131000,0,0,102000,0,27000
2013/11/04,3450,聯鈞            ,241000,30000,0,0,36000,221000,26000
2013/11/04,3013,晟銘電          ,29000,3000,0,0,0,0,26000
2013/11/04,1229,聯華            ,81000,56000,0,0,0,0,25000
2013/11/04,1515,力山            ,26000,1000,0,0,0,0,25000
2013/11/04,5434,崇越            ,31000,3000,0,0,0,3000,25000
2013/11/04,3011,今皓            ,25000,0,0,0,0,0,25000
2013/11/04,1582,信錦            ,31000,27000,0,0,20000,0,24000
2013/11/04,3030,德律            ,87000,64000,0,0,4000,3960,23040
2013/11/04,1519,華城            ,125000,3000,0,0,0,100000,22000
2013/11/04,1472,三洋紡          ,29000,8000,0,0,0,0,21000
2013/11/04,6224,聚鼎            ,14000,20000,26000,0,0,0,20000
2013/11/04,1512,瑞利            ,20000,0,0,0,0,0,20000
2013/11/04,3003,健和興          ,44000,5000,0,0,0,20000,19000
2013/11/04,1307,三芳            ,30000,8000,0,0,0,3000,19000
2013/11/04,3028,增你強          ,19000,1000,0,0,0,0,18000
2013/11/04,5706,鳳凰            ,30000,0,0,12000,0,0,18000
2013/11/04,2849,安泰銀          ,47000,29000,0,0,0,0,18000
2013/11/04,6112,聚碩            ,18000,1000,0,0,0,0,17000
2013/11/04,4999,鑫禾            ,19000,2000,0,0,0,0,17000
2013/11/04,2850,新產            ,39000,17000,0,0,0,5000,17000
2013/11/04,2363,矽統            ,20000,4000,0,0,0,0,16000
2013/11/04,2367,燿華            ,97000,134000,0,0,52000,0,15000
2013/11/04,1219,福壽            ,12000,0,0,0,3000,0,15000
2013/11/04,1110,東泥            ,18000,4000,0,0,1000,1000,14000
2013/11/04,1626,F-艾美          ,23000,9000,0,0,0,0,14000
2013/11/04,6286,立錡            ,21000,6000,0,0,0,1000,14000
2013/11/04,3501,維熹            ,14000,0,0,0,0,0,14000
2013/11/04,8374,羅昇            ,17000,4000,0,0,0,0,13000
2013/11/04,8112,至上            ,2000,3000,0,0,14000,0,13000
2013/11/04,3019,亞光            ,49000,36000,0,0,0,1000,12000
2013/11/04,6209,今國光          ,12000,0,0,0,0,0,12000
2013/11/04,1440,南紡            ,363000,62000,0,0,152000,441000,12000
2013/11/04,2027,大成鋼          ,61000,49000,0,0,0,0,12000
2013/11/04,2477,美隆電          ,32000,20000,0,0,0,0,12000
2013/11/04,2467,志聖            ,11000,0,0,0,0,0,11000
2013/11/04,910708,?琱j健          ,11000,0,0,0,0,0,11000
2013/11/04,1560,中砂            ,146000,43000,40000,125000,0,7000,11000
2013/11/04,2707,晶華            ,21000,15000,9000,0,1000,5000,11000
2013/11/04,3504,揚明光          ,24000,17000,0,0,4000,0,11000
2013/11/04,006203,寶摩臺          ,0,0,0,0,10000,0,10000
2013/11/04,1708,東鹼            ,22000,12000,0,0,0,0,10000
2013/11/04,2010,春源            ,15000,5000,0,0,0,0,10000
2013/11/04,1537,廣隆            ,26000,16000,0,0,0,0,10000
2013/11/04,2472,立隆電          ,12000,3000,0,0,0,0,9000
2013/11/04,1315,達新            ,0,1000,0,0,9000,0,8000
2013/11/04,2114,鑫永銓          ,15000,6000,0,0,0,1000,8000
2013/11/04,3094,聯傑            ,35000,27000,0,0,0,0,8000
2013/11/04,2374,佳能            ,73000,66000,0,0,0,0,7000
2013/11/04,1528,恩德            ,11000,4000,0,0,0,0,7000
2013/11/04,2451,創見            ,47000,71000,0,0,32000,1000,7000
2013/11/04,2616,山隆            ,5000,0,0,0,1000,0,6000
2013/11/04,3515,華擎            ,10000,3000,0,0,0,1000,6000
2013/11/04,6139,亞翔            ,7000,1000,0,0,0,0,6000
2013/11/04,2393,億光            ,482000,1036000,594000,1000,2000,35000,6000
2013/11/04,3167,大量            ,7000,1000,0,0,0,0,6000
2013/11/04,9919,康那香          ,10000,5000,0,0,0,0,5000
2013/11/04,2329,華泰            ,10000,5000,0,0,0,0,5000
2013/11/04,5225,F-東科          ,11000,6000,0,0,1000,1000,5000
2013/11/04,5305,敦南            ,34000,4000,0,0,0,25000,5000
2013/11/04,2434,統懋            ,6000,1000,0,0,0,0,5000
2013/11/04,911610,聯環            ,5000,0,0,0,0,0,5000
2013/11/04,3024,憶聲            ,5000,0,0,0,0,0,5000
2013/11/04,2460,建通            ,5000,0,0,0,0,0,5000
2013/11/04,0057,FB摩台          ,0,0,0,0,37000,32000,5000
2013/11/04,2020,美亞            ,5000,0,0,0,0,0,5000
2013/11/04,2032,新鋼            ,4000,0,0,0,0,0,4000
2013/11/04,2440,太空梭          ,4000,0,0,0,0,0,4000
2013/11/04,2471,資通            ,4000,0,0,0,0,0,4000
2013/11/04,4952,凌通            ,78000,182000,124000,0,0,16000,4000
2013/11/04,2731,雄獅            ,3000,0,0,0,1000,0,4000
2013/11/04,4426,利勤            ,5000,1000,0,0,0,0,4000
2013/11/04,0060,新台灣          ,0,0,0,0,4000,0,4000
2013/11/04,6145,勁永            ,4000,0,0,0,0,0,4000
2013/11/04,1465,偉全            ,3000,0,0,0,0,0,3000
2013/11/04,0059,FB金融          ,0,0,0,0,3000,0,3000
2013/11/04,2365,昆盈            ,73000,70000,0,0,0,0,3000
2013/11/04,2543,皇昌            ,1000,0,0,0,2000,0,3000
2013/11/04,0054,台商50          ,0,0,0,0,3000,0,3000
2013/11/04,1435,中福            ,4000,0,0,0,1000,2000,3000
2013/11/04,3591,艾笛森          ,6000,3000,0,0,0,0,3000
2013/11/04,3209,全科            ,4000,1000,0,0,0,0,3000
2013/11/04,6243,迅杰            ,3000,0,0,0,0,0,3000
2013/11/04,3669,圓展            ,6000,4000,0,0,1000,0,3000
2013/11/04,6108,競國            ,7000,3000,0,0,0,1000,3000
2013/11/04,9941,裕融            ,3000,4000,0,0,5000,1000,3000
2013/11/04,0053,寶電子          ,2000,0,0,0,1000,0,3000
2013/11/04,2421,建準            ,4000,1000,0,0,0,0,3000
2013/11/04,1540,喬福            ,2000,0,0,0,0,0,2000
2013/11/04,3617,碩天            ,5000,2000,0,0,0,1000,2000
2013/11/04,3002,歐格            ,2000,0,0,0,0,0,2000
2013/11/04,1541,錩泰            ,2000,0,0,0,0,0,2000
2013/11/04,1721,三晃            ,1000,0,0,0,1000,0,2000
2013/11/04,2437,旺詮            ,2000,0,0,0,0,0,2000
2013/11/04,4984,F-科納          ,3000,1000,0,0,0,0,2000
2013/11/04,3018,同開            ,2000,0,0,0,0,0,2000
2013/11/04,9902,台火            ,3000,1000,0,0,0,0,2000
2013/11/04,911608,明輝            ,1000,0,0,0,0,0,1000
2013/11/04,8103,瀚荃            ,16000,15000,0,0,0,0,1000
2013/11/04,1413,宏洲            ,0,0,0,0,1000,0,1000
2013/11/04,2444,友旺            ,0,0,0,0,1000,0,1000
2013/11/04,3055,蔚華科          ,1000,0,0,0,0,0,1000
2013/11/04,1423,利華            ,0,0,0,0,1000,0,1000
2013/11/04,1236,宏亞            ,1000,0,0,0,0,0,1000
2013/11/04,1235,興泰            ,1000,0,0,0,0,0,1000
2013/11/04,2546,根基            ,6000,5000,0,0,0,0,1000
2013/11/04,8110,華東            ,17000,16000,0,0,0,0,1000
2013/11/04,6215,和椿            ,2000,1000,0,0,0,0,1000
2013/11/04,6226,光鼎            ,2000,2000,0,0,1000,0,1000
2013/11/04,2493,揚博            ,4000,3000,0,0,0,0,1000
2013/11/04,6141,柏承            ,1000,0,0,0,0,0,1000
2013/11/04,2024,志聯            ,2000,0,0,0,0,1000,1000
2013/11/04,3573,穎台            ,0,0,0,0,1000,0,1000
2013/11/04,1464,得力            ,1000,0,0,0,0,0,1000
2013/11/04,5484,慧友            ,2000,1000,0,0,0,0,1000
2013/11/04,6136,富爾特          ,1000,0,0,0,0,0,1000
2013/11/04,911612,滬安            ,2000,1000,0,0,0,0,1000
2013/11/04,3029,零壹            ,7000,6000,0,0,0,0,1000
2013/11/04,9930,中聯資          ,5000,5000,0,0,0,0,0
2013/11/04,1233,天仁            ,1000,1000,0,0,0,0,0
2013/11/04,6166,凌華            ,0,23000,17000,0,6000,0,0
2013/11/04,1436,華友聯          ,0,828,0,0,0,0,-828
2013/11/04,9944,新麗            ,1000,2000,0,0,0,0,-1000
2013/11/04,2462,良得電          ,0,1000,0,0,0,0,-1000
2013/11/04,2509,全坤建          ,0,1000,0,0,0,0,-1000
2013/11/04,1108,幸福            ,0,1000,0,0,3000,3000,-1000
2013/11/04,3645,達邁            ,1000,1000,0,0,0,1000,-1000
2013/11/04,2430,燦坤            ,0,1000,0,0,0,0,-1000
2013/11/04,2465,麗臺            ,0,0,0,0,0,1000,-1000
2013/11/04,8404,F-百和          ,5000,7000,0,0,1000,0,-1000
2013/11/04,4108,懷特            ,9000,10000,0,0,0,0,-1000
2013/11/04,1805,寶徠            ,0,1000,0,0,0,0,-1000
2013/11/04,3518,柏騰            ,0,1000,0,0,0,0,-1000
2013/11/04,6117,迎廣            ,0,1000,0,0,0,0,-1000
2013/11/04,1459,聯發            ,0,1000,0,0,0,0,-1000
2013/11/04,1773,勝一            ,7000,8000,0,0,1000,1000,-1000
2013/11/04,1526,日馳            ,0,1000,0,0,0,0,-1000
2013/11/04,3033,威健            ,1000,2000,0,0,0,0,-1000
2013/11/04,2613,中櫃            ,9000,10000,0,0,0,0,-1000
2013/11/04,2723,F-美食          ,24000,25000,0,0,0,0,-1000
2013/11/04,2851,中再保          ,0,1000,0,0,0,0,-1000
2013/11/04,3050,鈺德            ,0,1000,0,0,0,0,-1000
2013/11/04,3593,力銘            ,1000,2000,0,0,0,0,-1000
2013/11/04,1109,信大            ,0,1000,0,0,0,0,-1000
2013/11/04,0052,FB科技          ,10000,91000,0,0,80000,0,-1000
2013/11/04,6281,全國電          ,1000,2000,0,0,0,0,-1000
2013/11/04,006208,FB台50          ,0,0,0,0,0,1000,-1000
2013/11/04,1220,台榮            ,0,1000,0,0,0,0,-1000
2013/11/04,2104,中橡            ,46000,46244,0,0,0,1000,-1244
2013/11/04,2358,廷鑫            ,0,2000,0,0,0,0,-2000
2013/11/04,0051,中100           ,0,0,0,0,0,2000,-2000
2013/11/04,3607,谷崧            ,0,6000,0,0,5000,1000,-2000
2013/11/04,6128,上福            ,0,3000,0,0,1000,0,-2000
2013/11/04,2530,華建            ,0,2000,0,0,0,0,-2000
2013/11/04,1906,寶隆            ,0,0,0,0,0,2000,-2000
2013/11/04,2302,麗正            ,0,2000,0,0,0,0,-2000
2013/11/04,2426,鼎元            ,24000,26000,0,0,0,0,-2000
2013/11/04,9958,世紀鋼          ,0,2000,0,0,0,0,-2000
2013/11/04,6196,帆宣            ,8000,3000,0,0,0,7000,-2000
2013/11/04,4119,旭富            ,2000,4000,0,0,0,0,-2000
2013/11/04,1727,中華化          ,0,2000,0,0,0,0,-2000
2013/11/04,3694,海華            ,0,2000,0,0,0,0,-2000
2013/11/04,9908,大台北          ,0,2988,0,0,0,0,-2988
2013/11/04,2033,佳大            ,0,3000,0,0,0,0,-3000
2013/11/04,4133,亞諾法          ,0,3000,0,0,0,0,-3000
2013/11/04,9929,秋雨            ,24000,27000,0,0,1000,1000,-3000
2013/11/04,8249,菱光            ,0,3000,0,0,0,0,-3000
2013/11/04,2706,第一店          ,0,2000,0,0,0,1000,-3000
2013/11/04,6165,捷泰            ,2000,4000,0,0,0,1000,-3000
2013/11/04,6205,詮欣            ,0,3000,0,0,0,0,-3000
2013/11/04,3559,全智科          ,0,3000,0,0,0,0,-3000
2013/11/04,2108,南帝            ,21000,24000,0,0,0,0,-3000
2013/11/04,1806,冠軍            ,60000,64000,0,0,1000,0,-3000
2013/11/04,3048,益登            ,0,4000,0,0,0,0,-4000
2013/11/04,8072,陞泰            ,0,4000,0,0,0,0,-4000
2013/11/04,1410,南染            ,0,4000,0,0,0,0,-4000
2013/11/04,2701,萬企            ,1000,5000,0,0,0,0,-4000
2013/11/04,1457,宜進            ,1000,5000,0,0,0,0,-4000
2013/11/04,1538,正峰新          ,4000,10000,0,0,2000,0,-4000
2013/11/04,3308,聯德            ,1000,4000,0,0,0,1000,-4000
2013/11/04,2029,盛餘            ,3000,4000,0,0,0,3000,-4000
2013/11/04,9927,泰銘            ,8000,12000,0,0,0,0,-4000
2013/11/04,3579,尚志            ,10000,3000,0,0,0,11000,-4000
2013/11/04,3679,新至陞          ,0,3000,0,0,0,1000,-4000
2013/11/04,4976,佳凌            ,0,4000,0,0,0,1000,-5000
2013/11/04,2923,F-鼎固          ,0,5000,0,0,0,0,-5000
2013/11/04,2008,高興昌          ,0,5000,0,0,0,0,-5000
2013/11/04,2030,彰源            ,2000,7000,0,0,0,0,-5000
2013/11/04,2524,京城            ,4000,9000,0,0,0,0,-5000
2013/11/04,3588,通嘉            ,0,5000,0,0,0,0,-5000
2013/11/04,2436,偉詮電          ,12000,17000,0,0,0,0,-5000
2013/11/04,1530,亞崴            ,0,4000,0,0,0,1000,-5000
2013/11/04,3296,勝德            ,0,5000,0,0,0,0,-5000
2013/11/04,6115,鎰勝            ,7000,12000,0,0,0,0,-5000
2013/11/04,1324,地球            ,0,5000,0,0,1000,1000,-5000
2013/11/04,3043,科風            ,0,5350,0,0,0,0,-5350
2013/11/04,2816,旺旺保          ,0,6000,0,0,0,0,-6000
2013/11/04,1437,勤益控          ,0,6000,0,0,0,0,-6000
2013/11/04,2478,大毅            ,0,6000,0,0,0,0,-6000
2013/11/04,1454,台富            ,0,6000,0,0,0,0,-6000
2013/11/04,3016,嘉晶            ,5000,11000,0,0,0,0,-6000
2013/11/04,8210,勤誠            ,6000,12000,0,0,0,0,-6000
2013/11/04,2483,百容            ,0,6000,0,0,0,0,-6000
2013/11/04,1443,立益            ,0,6000,0,0,0,0,-6000
2013/11/04,6184,大豐電          ,0,7000,0,0,0,0,-7000
2013/11/04,1514,亞力            ,3000,10000,0,0,0,0,-7000
2013/11/04,2612,中航            ,7000,14000,0,0,0,0,-7000
2013/11/04,1316,上曜            ,8000,15000,0,0,0,0,-7000
2013/11/04,01002T,國泰R1          ,0,7000,0,0,0,0,-7000
2013/11/04,1808,潤隆            ,1000,8000,0,0,0,0,-7000
2013/11/04,1709,和益            ,1000,8000,0,0,0,0,-7000
2013/11/04,1609,大亞            ,2000,9000,0,0,0,0,-7000
2013/11/04,4956,光鋐            ,0,7000,0,0,0,0,-7000
2013/11/04,1338,F-廣華          ,0,16000,0,0,8000,0,-8000
2013/11/04,1446,宏和            ,10000,18000,0,0,0,0,-8000
2013/11/04,2537,聯上發          ,0,8000,0,0,0,0,-8000
2013/11/04,2397,友通            ,0,8000,0,0,0,0,-8000
2013/11/04,1603,華電            ,9000,17000,0,0,0,0,-8000
2013/11/04,3550,聯穎            ,0,8000,0,0,0,0,-8000
2013/11/04,2420,新巨            ,0,8000,0,0,0,0,-8000
2013/11/04,5269,祥碩            ,0,8000,0,0,0,0,-8000
2013/11/04,1903,士紙            ,0,9000,0,0,0,0,-9000
2013/11/04,9937,全國            ,7000,16000,0,0,0,0,-9000
2013/11/04,1613,台一            ,0,9000,0,0,0,0,-9000
2013/11/04,6289,華上            ,7000,16000,0,0,0,0,-9000
2013/11/04,2009,第一銅          ,0,9000,0,0,0,0,-9000
2013/11/04,3557,嘉威            ,0,10000,0,0,0,0,-10000
2013/11/04,3305,昇貿            ,10000,16000,0,0,0,4000,-10000
2013/11/04,1445,大宇            ,0,10000,0,0,0,0,-10000
2013/11/04,6197,佳必琪          ,30000,40000,0,0,0,0,-10000
2013/11/04,8427,F-基勝          ,0,10000,0,0,0,0,-10000
2013/11/04,9942,茂順            ,0,9000,0,0,0,1000,-10000
2013/11/04,6189,豐藝            ,6000,16000,0,0,0,0,-10000
2013/11/04,5533,皇鼎            ,0,11000,0,0,1000,0,-10000
2013/11/04,1733,五鼎            ,12000,23000,0,0,1000,0,-10000
2013/11/04,1419,新紡            ,5000,15000,0,0,0,0,-10000
2013/11/04,2855,統一證          ,66000,77000,0,0,0,0,-11000
2013/11/04,2013,中鋼構          ,4000,15000,0,0,0,0,-11000
2013/11/04,4919,新唐            ,0,1000,0,0,0,10000,-11000
2013/11/04,6177,達麗            ,0,11000,0,0,0,0,-11000
2013/11/04,910801,金衛            ,5000,16000,0,0,0,0,-11000
2013/11/04,2611,志信            ,0,11000,0,0,0,0,-11000
2013/11/04,2034,允強            ,26000,109000,0,0,72000,0,-11000
2013/11/04,3164,景岳            ,0,11000,0,0,0,0,-11000
2013/11/04,2535,達欣工          ,2000,13000,0,0,0,0,-11000
2013/11/04,8070,長華            ,20000,7000,0,25000,0,0,-12000
2013/11/04,1730,花仙子          ,22000,12000,0,0,0,22000,-12000
2013/11/04,2527,宏璟            ,7000,19000,0,0,0,0,-12000
2013/11/04,2345,智邦            ,39000,51000,0,0,0,0,-12000
2013/11/04,4935,F-茂林          ,0,3000,0,0,0,10000,-13000
2013/11/04,1325,恆大            ,0,13000,0,0,0,0,-13000
2013/11/04,2390,云辰            ,22000,34000,0,0,0,1000,-13000
2013/11/04,3535,晶彩科          ,0,13000,0,0,0,0,-13000
2013/11/04,9912,偉聯            ,286,14000,0,0,0,0,-13714
2013/11/04,1535,中宇            ,0,14000,0,0,0,0,-14000
2013/11/04,2601,益航            ,3000,17000,0,0,0,0,-14000
2013/11/04,3060,銘異            ,1000,41000,0,0,31000,5000,-14000
2013/11/04,6235,華孚            ,0,14000,0,0,0,0,-14000
2013/11/04,8114,振樺電          ,0,9000,0,6000,0,0,-15000
2013/11/04,1726,永記            ,0,5000,0,10000,0,0,-15000
2013/11/04,2433,互盛電          ,14000,29000,0,0,0,0,-15000
2013/11/04,2007,燁興            ,0,15000,0,0,0,0,-15000
2013/11/04,1215,卜蜂            ,0,16000,0,0,1000,0,-15000
2013/11/04,8081,致新            ,14000,31000,0,0,2000,0,-15000
2013/11/04,9943,好樂迪          ,0,15000,0,0,0,0,-15000
2013/11/04,3090,日電貿          ,2000,18000,0,0,0,0,-16000
2013/11/04,6142,友勁            ,12000,28000,0,0,1000,1000,-16000
2013/11/04,5525,順天            ,0,16000,0,0,0,0,-16000
2013/11/04,8105,凌巨            ,7000,20000,0,0,0,3000,-16000
2013/11/04,1474,弘裕            ,0,16000,0,0,0,0,-16000
2013/11/04,3058,立德            ,2000,18000,0,0,0,0,-16000
2013/11/04,6164,華興            ,8000,24000,0,0,0,0,-16000
2013/11/04,2369,菱生            ,0,4000,0,0,0,12000,-16000
2013/11/04,2399,映泰            ,0,16000,0,0,0,0,-16000
2013/11/04,1466,聚隆            ,5000,22000,0,0,0,0,-17000
2013/11/04,5469,瀚宇博          ,1000,15000,0,0,0,3000,-17000
2013/11/04,1432,大魯閣          ,8000,25000,0,0,0,0,-17000
2013/11/04,2025,千興            ,0,19000,0,0,2000,0,-17000
2013/11/04,2408,南亞科          ,1000,18726,0,0,0,0,-17726
2013/11/04,8926,台汽電          ,0,19000,0,0,0,0,-19000
2013/11/04,2486,一詮            ,1000,20000,0,0,0,0,-19000
2013/11/04,4141,F-龍燈          ,1000,20000,0,0,0,0,-19000
2013/11/04,1103,嘉泥            ,30000,49000,0,0,0,0,-19000
2013/11/04,2316,楠梓電          ,13000,32000,0,0,0,0,-19000
2013/11/04,6283,淳安            ,0,18000,0,0,0,1000,-19000
2013/11/04,2908,特力            ,23000,43000,0,0,0,0,-20000
2013/11/04,5608,四維航          ,9000,29000,0,0,0,0,-20000
2013/11/04,2499,東貝            ,20000,39000,0,0,0,1000,-20000
2013/11/04,3533,嘉澤            ,11000,37000,0,0,5000,0,-21000
2013/11/04,3653,健策            ,11347,3000,0,0,0,30000,-21653
2013/11/04,2837,萬泰銀          ,3000,25000,0,0,0,0,-22000
2013/11/04,1441,大東            ,0,22000,0,0,0,0,-22000
2013/11/04,3383,新世紀          ,157000,179000,0,0,0,0,-22000
2013/11/04,2617,台航            ,15000,32000,0,0,0,5000,-22000
2013/11/04,1737,臺鹽            ,6000,28000,0,0,0,0,-22000
2013/11/04,5515,建國            ,3000,26000,0,0,0,0,-23000
2013/11/04,2836,高雄銀          ,0,23000,0,0,0,0,-23000
2013/11/04,1789,神隆            ,300878,162000,0,40000,31000,153000,-23122
2013/11/04,3532,台勝科          ,6000,30000,0,0,0,0,-24000
2013/11/04,1701,中化            ,7000,31000,0,0,0,0,-24000
2013/11/04,3703,欣陸            ,13000,37000,0,0,0,0,-24000
2013/11/04,2231,為升            ,0,8000,0,15000,0,1000,-24000
2013/11/04,8011,台通            ,0,25000,0,0,0,0,-25000
2013/11/04,1337,F-再生          ,39000,32000,0,0,89000,121000,-25000
2013/11/04,6702,興航            ,3000,28000,0,0,0,0,-25000
2013/11/04,1731,美吾華          ,3000,29000,0,0,1000,0,-25000
2013/11/04,2704,國賓            ,55000,80000,0,0,0,0,-25000
2013/11/04,2208,台船            ,38000,64000,0,0,0,0,-26000
2013/11/04,6230,超眾            ,20000,47000,0,0,1000,0,-26000
2013/11/04,2419,仲琦            ,18000,33000,0,0,0,11000,-26000
2013/11/04,1724,台硝            ,0,27000,0,0,0,0,-27000
2013/11/04,2387,精元            ,0,27000,0,0,0,0,-27000
2013/11/04,6191,精成科          ,1000,26000,0,0,0,2000,-27000
2013/11/04,2340,光磊            ,25000,52001,0,0,0,0,-27001
2013/11/04,3584,介面            ,14000,42000,0,0,0,0,-28000
2013/11/04,911616,杜康            ,0,28000,0,0,0,0,-28000
2013/11/04,3031,佰鴻            ,0,28000,0,0,0,0,-28000
2013/11/04,1521,大億            ,1000,14000,0,0,16000,31000,-28000
2013/11/04,1473,台南            ,0,29000,0,0,0,0,-29000
2013/11/04,1417,嘉裕            ,1000,30000,0,0,0,0,-29000
2013/11/04,1321,大洋            ,0,29000,0,0,0,0,-29000
2013/11/04,3704,合勤控          ,185000,253000,0,0,40000,1000,-29000
2013/11/04,4142,國光生          ,2000,32000,0,0,0,0,-30000
2013/11/04,1711,永光            ,218692,27000,0,0,120000,342000,-30308
2013/11/04,3052,夆典            ,850,32000,0,0,0,0,-31150
2013/11/04,2442,新美齊          ,0,32000,0,0,0,0,-32000
2013/11/04,1736,喬山            ,22000,54000,0,0,0,0,-32000
2013/11/04,2227,裕日車          ,17000,11000,43000,81000,0,0,-32000
2013/11/04,1203,味王            ,19000,30000,0,0,0,21000,-32000
2013/11/04,2427,三商電          ,35000,68000,0,0,0,0,-33000
2013/11/04,2705,六福            ,14000,47000,0,0,0,0,-33000
2013/11/04,8429,F-金麗          ,5000,38000,0,0,0,0,-33000
2013/11/04,2453,凌群            ,0,33000,0,0,0,0,-33000
2013/11/04,1522,堤維西          ,69000,102000,0,0,0,0,-33000
2013/11/04,1618,合機            ,0,34000,0,0,0,0,-34000
2013/11/04,8046,南電            ,134000,94000,0,0,18000,92000,-34000
2013/11/04,4106,雃博            ,0,27000,0,0,0,7000,-34000
2013/11/04,9917,中保            ,2000,35000,0,0,0,2000,-35000
2013/11/04,6206,飛捷            ,21000,30000,0,20000,37000,43000,-35000
2013/11/04,3419,譁裕            ,0,3000,0,0,5000,37000,-35000
2013/11/04,6192,巨路            ,75000,110000,0,0,0,0,-35000
2013/11/04,3665,F-貿聯          ,40586,42000,6000,0,24000,65000,-36414
2013/11/04,3231,緯創            ,5354000,3672784,0,0,357000,2075000,-36784
2013/11/04,2482,連宇            ,0,36000,0,0,0,1000,-37000
2013/11/04,3051,力特            ,0,38000,0,0,0,0,-38000
2013/11/04,006204,豐臺灣          ,0,1000,0,0,204000,241359,-38359
2013/11/04,3454,晶睿            ,3288,18000,0,0,15000,39000,-38712
2013/11/04,2492,華新科          ,78000,117000,0,0,0,0,-39000
2013/11/04,2464,盟立            ,4000,38000,0,0,0,7000,-41000
2013/11/04,1471,首利            ,0,41000,0,0,0,0,-41000
2013/11/04,2206,三陽            ,81590,124000,0,0,19000,19000,-42410
2013/11/04,2373,震旦行          ,14000,77000,0,0,20000,0,-43000
2013/11/04,2429,銘旺科          ,0,0,0,0,0,43000,-43000
2013/11/04,2856,元富證          ,52000,97000,0,0,0,0,-45000
2013/11/04,1704,榮化            ,33000,104000,0,0,29000,3000,-45000
2013/11/04,2102,泰豐            ,66000,111000,0,0,0,0,-45000
2013/11/04,2395,研華            ,315000,369000,0,0,14000,5000,-45000
2013/11/04,2023,燁輝            ,68000,133000,0,0,22000,3000,-46000
2013/11/04,2475,華映            ,0,46162,0,0,0,0,-46162
2013/11/04,3027,盛達            ,9000,56000,0,0,0,0,-47000
2013/11/04,3014,聯陽            ,1000,48000,0,0,0,0,-47000
2013/11/04,2834,臺企銀          ,530000,473000,0,0,0,104000,-47000
2013/11/04,1304,台聚            ,35000,53000,0,0,0,30000,-48000
2013/11/04,3021,鴻名            ,0,51000,0,0,1000,0,-50000
2013/11/04,1817,凱撒衛          ,0,25000,0,26000,0,0,-51000
2013/11/04,5907,F-大洋          ,23000,54000,0,0,0,21000,-52000
2013/11/04,2331,精英            ,306000,207000,0,0,608000,761456,-54456
2013/11/04,2511,太子            ,197000,122000,0,0,0,130000,-55000
2013/11/04,1612,宏泰            ,44000,100000,0,0,0,0,-56000
2013/11/04,2820,華票            ,147000,204000,0,0,0,0,-57000
2013/11/04,3006,晶豪科          ,375000,43000,369000,252000,35000,541000,-57000
2013/11/04,4526,東台            ,46000,0,0,0,16000,120000,-58000
2013/11/04,3189,景碩            ,432000,623000,76000,62000,133000,15000,-59000
2013/11/04,5607,遠雄港          ,4000,63000,0,0,0,0,-59000
2013/11/04,1715,萬洲            ,9000,68000,0,0,0,0,-59000
2013/11/04,1611,中電            ,19000,79000,0,0,0,0,-60000
2013/11/04,8411,F-福貞          ,2000,51000,0,0,16000,27000,-60000
2013/11/04,8213,志超            ,144000,95000,0,100000,34000,43000,-60000
2013/11/04,2314,台揚            ,1000,12000,0,0,0,50000,-61000
2013/11/04,4306,炎洲            ,10000,66000,0,0,0,5000,-61000
2013/11/04,2383,台光電          ,5000,86000,0,0,18000,0,-63000
2013/11/04,1444,力麗            ,0,64000,0,0,0,0,-64000
2013/11/04,6213,聯茂            ,18000,57000,0,0,1000,27000,-65000
2013/11/04,9925,新保            ,0,68000,0,0,2000,0,-66000
2013/11/04,2450,神腦            ,64000,114000,0,0,0,16000,-66000
2013/11/04,1414,東和            ,1000,68000,0,0,0,0,-67000
2013/11/04,6120,達運            ,0,68000,0,0,0,0,-68000
2013/11/04,3638,F-IML           ,13000,10000,0,70000,0,1000,-68000
2013/11/04,2351,順德            ,13000,12000,0,50000,0,20000,-69000
2013/11/04,2059,川湖            ,58000,132000,0,0,1000,0,-73000
2013/11/04,2516,新建            ,0,78000,0,0,5000,0,-73000
2013/11/04,1809,中釉            ,0,66000,0,0,0,7000,-73000
2013/11/04,5531,鄉林            ,28000,109000,0,0,7000,0,-74000
2013/11/04,1810,和成            ,42000,116000,0,0,0,0,-74000
2013/11/04,2006,東鋼            ,371000,492000,0,0,55000,10000,-76000
2013/11/04,3583,辛耘            ,28000,16000,0,0,10000,100000,-78000
2013/11/04,3008,大立光          ,108000,120000,15000,66000,17000,32000,-78000
2013/11/04,3686,達能            ,29000,108000,0,0,0,0,-79000
2013/11/04,2022,聚亨            ,13000,93000,0,0,0,0,-80000
2013/11/04,2497,怡利電          ,669000,264000,0,0,1000,486000,-80000
2013/11/04,4414,如興            ,0,81000,0,0,0,0,-81000
2013/11/04,2017,官田鋼          ,0,84000,0,0,0,0,-84000
2013/11/04,9905,大華            ,71000,24000,0,129000,0,2000,-84000
2013/11/04,9911,櫻花            ,5000,78000,0,0,0,12000,-85000
2013/11/04,2380,虹光            ,20000,108000,0,0,0,0,-88000
2013/11/04,1539,巨庭            ,27000,115000,0,0,0,0,-88000
2013/11/04,6605,帝寶            ,79694,52000,0,115000,115000,116000,-88306
2013/11/04,2461,光群雷          ,0,28000,0,0,0,61000,-89000
2013/11/04,2385,群光            ,656000,818945,0,3000,77000,1000,-89945
2013/11/04,2354,鴻準            ,644500,737000,0,0,36000,34000,-90500
2013/11/04,3046,建??            ,0,91000,0,0,0,0,-91000
2013/11/04,2014,中鴻            ,32000,125000,0,0,0,80,-93080
2013/11/04,1216,統一            ,2959000,3071122,95000,75000,65000,69000,-96122
2013/11/04,3044,健鼎            ,436000,529125,0,0,3000,7000,-97125
2013/11/04,1729,必翔            ,14000,112000,0,0,0,0,-98000
2013/11/04,1323,永裕            ,24000,123000,0,0,0,0,-99000
2013/11/04,3047,訊舟            ,0,99000,0,0,0,0,-99000
2013/11/04,9940,信義            ,2000,103000,0,0,0,0,-101000
2013/11/04,3698,隆達            ,220000,62000,0,1000,28000,291000,-106000
2013/11/04,5471,松翰            ,15000,125000,0,0,1000,0,-109000
2013/11/04,2506,太設            ,3000,103000,0,0,0,10000,-110000
2013/11/04,5007,三星            ,7000,36000,0,0,5000,88000,-112000
2013/11/04,4930,燦星網          ,77000,192000,0,0,1000,0,-114000
2013/11/04,6271,同欣電          ,29000,79000,0,0,15000,86000,-121000
2013/11/04,1720,生達            ,164000,5000,0,281000,0,0,-122000
2013/11/04,1309,台達化          ,3000,125000,0,0,0,0,-122000
2013/11/04,3042,晶技            ,399162,509556,0,0,3000,18000,-125394
2013/11/04,3257,虹冠電          ,20000,235000,37000,0,50000,0,-128000
2013/11/04,2545,皇翔            ,14000,16000,0,118000,0,8000,-128000
2013/11/04,2847,大眾銀          ,145000,277000,0,0,0,0,-132000
2013/11/04,2425,承啟            ,36000,168000,0,0,0,0,-132000
2013/11/04,2031,新光鋼          ,0,23000,0,0,0,109000,-132000
2013/11/04,4906,正文            ,62000,177000,0,0,0,21000,-136000
2013/11/04,2607,榮運            ,20000,102000,0,0,0,55000,-137000
2013/11/04,2547,日勝生          ,89000,225000,0,0,23000,26000,-139000
2013/11/04,1308,亞聚            ,52000,235000,80000,0,0,36000,-139000
2013/11/04,6282,康舒            ,93266,223000,0,0,36000,46000,-139734
2013/11/04,1460,宏遠            ,58000,1000,0,0,0,200000,-143000
2013/11/04,2883,開發金          ,3215000,2227000,36000,0,171000,1340819,-145819
2013/11/04,2845,遠東銀          ,166000,284000,0,0,0,29000,-147000
2013/11/04,2911,麗嬰房          ,2000,139000,0,0,0,10000,-147000
2013/11/04,1517,利奇            ,61000,213000,0,0,4000,0,-148000
2013/11/04,1707,葡萄王          ,21612,62000,0,15000,10000,104000,-149388
2013/11/04,2352,佳世達          ,98000,250000,0,0,0,0,-152000
2013/11/04,3622,洋華            ,43000,195000,0,0,0,0,-152000
2013/11/04,4164,承業醫          ,47000,2000,0,0,2000,203000,-156000
2013/11/04,3054,立萬利          ,64000,225000,0,0,0,1000,-162000
2013/11/04,3406,玉晶光          ,93000,185000,0,0,69000,140000,-163000
2013/11/04,2355,敬鵬            ,142098,222000,0,80000,6000,17000,-170902
2013/11/04,2515,中工            ,297000,462000,0,0,62000,77000,-180000
2013/11/04,2207,和泰車          ,21000,181000,0,0,1000,21267,-180267
2013/11/04,1476,儒鴻            ,147900,305220,0,0,10000,34000,-181320
2013/11/04,8422,可寧衛          ,9000,199000,0,0,0,0,-190000
2013/11/04,1463,強盛            ,111000,114000,46000,0,0,240000,-197000
2013/11/04,3536,誠創            ,0,207000,0,0,1000,1000,-207000
2013/11/04,3311,閎暉            ,66000,282000,0,0,2000,2000,-216000
2013/11/04,3149,正達            ,133000,398000,0,0,94000,48000,-219000
2013/11/04,2201,裕隆            ,215000,331000,0,0,35000,145000,-226000
2013/11/04,3062,建漢            ,69000,87000,0,0,25000,233000,-226000
2013/11/04,2637,F-慧洋          ,28354,256000,0,0,0,0,-227646
2013/11/04,2889,國票金          ,11000,227000,0,0,0,13000,-229000
2013/11/04,1723,中碳            ,24000,130000,0,134000,1000,0,-239000
2013/11/04,2402,毅嘉            ,13000,223282,0,0,0,38000,-248282
2013/11/04,2325,矽品            ,2951000,3017000,0,100000,154000,245368,-257368
2013/11/04,2308,台達電          ,919000,1155000,0,22000,33000,33996,-258996
2013/11/04,2912,統一超          ,263000,486000,0,12000,4000,28656,-259656
2013/11/04,1536,和大            ,226000,398000,0,58000,190000,220000,-260000
2013/11/04,2371,大同            ,201000,329000,0,0,0,145000,-273000
2013/11/04,2615,萬海            ,115000,223000,0,185000,17000,12000,-288000
2013/11/04,2455,全新            ,17000,291000,0,0,0,15000,-289000
2013/11/04,2488,漢平            ,103000,0,0,100000,0,301000,-298000
2013/11/04,3561,昇陽科          ,241000,385000,0,0,150000,310000,-304000
2013/11/04,1589,F-永冠          ,15000,584000,312000,20000,20000,50000,-307000
2013/11/04,5203,訊連            ,65000,294000,0,36000,3000,63000,-325000
2013/11/04,9934,成霖            ,33000,284000,0,100000,3000,0,-348000
2013/11/04,2504,國產            ,30000,581000,0,0,200000,0,-351000
2013/11/04,2603,長榮            ,200000,530000,0,0,0,30000,-360000
2013/11/04,1507,永大            ,41230,394000,60000,0,15000,93000,-370770
2013/11/04,4746,台耀            ,7000,163000,0,205000,17000,47000,-391000
2013/11/04,4904,遠傳            ,3680000,3925005,0,0,41000,193000,-397005
2013/11/04,2204,中華            ,21000,441000,0,0,64000,42000,-398000
2013/11/04,9907,統一實          ,527000,608000,0,188000,17000,166000,-418000
2013/11/04,2534,宏盛            ,204000,547000,0,0,0,78000,-421000
2013/11/04,1210,大成            ,107000,523227,0,0,0,8000,-424227
2013/11/04,0061,寶滬深          ,118000,0,0,0,410000,958000,-430000
2013/11/04,1218,泰山            ,43000,58000,0,0,0,418000,-433000
2013/11/04,006205,FB上証          ,0,0,0,0,3857000,4295000,-438000
2013/11/04,1717,長興            ,24000,301000,100000,0,0,265000,-442000
2013/11/04,1734,杏輝            ,0,128000,0,300000,0,15000,-443000
2013/11/04,2107,厚生            ,428836,5000,0,0,0,881000,-457164
2013/11/04,2892,第一金          ,762000,1198555,0,0,105000,130000,-461555
2013/11/04,2867,三商壽          ,232000,651000,0,0,40000,85000,-464000
2013/11/04,2489,瑞軒            ,296000,750000,0,0,0,14000,-468000
2013/11/04,1227,佳格            ,125000,372000,0,216000,0,6000,-469000
2013/11/04,3706,神達            ,919000,1505199,0,0,464000,362000,-484199
2013/11/04,6214,精誠            ,393500,694000,0,174000,50000,63000,-487500
2013/11/04,2106,建大            ,331000,716560,0,195283,217000,126000,-489843
2013/11/04,3443,創意            ,121000,73000,0,454000,2000,113000,-517000
2013/11/04,2812,台中銀          ,164000,470000,0,0,51000,283000,-538000
2013/11/04,1402,遠東新          ,711780,1160000,0,0,34000,142000,-556220
2013/11/04,3356,奇偶            ,45000,525000,0,30000,3000,55000,-562000
2013/11/04,3059,華晶科          ,218000,938000,0,0,135000,0,-585000
2013/11/04,2606,裕民            ,48000,660000,0,2000,0,0,-614000
2013/11/04,1231,聯華食          ,4300,262000,0,309400,0,53000,-620100
2013/11/04,2809,京城銀          ,292000,1184000,0,0,737000,473000,-628000
2013/11/04,3519,綠能            ,20000,675758,0,0,15000,0,-640758
2013/11/04,1326,台化            ,850000,1620514,500000,410000,133000,94486,-642000
2013/11/04,2049,上銀            ,388537,946220,0,0,59000,153000,-651683
2013/11/04,2880,華南金          ,456000,1051000,0,0,3000,66021,-658021
2013/11/04,1314,中石化          ,1589000,1875000,0,0,206000,650000,-730000
2013/11/04,2401,凌陽            ,14000,10000,0,0,0,752000,-748000
2013/11/04,1310,台苯            ,609000,1006000,0,127000,144000,374000,-754000
2013/11/04,6505,台塑化          ,245000,973079,0,0,0,26799,-754878
2013/11/04,2823,中壽            ,2381000,2965000,0,130000,220000,297000,-791000
2013/11/04,2362,藍天            ,122678,669000,170000,150000,53000,343000,-816322
2013/11/04,1319,東陽            ,15412,463000,0,157000,149000,363000,-818588
2013/11/04,2360,致茂            ,463000,1276000,0,0,8000,15000,-820000
2013/11/04,2838,聯邦銀          ,90000,933386,0,0,0,0,-843386
2013/11/04,5880,合庫金          ,240000,1132118,0,0,0,41000,-933118
2013/11/04,2903,遠百            ,469000,444000,0,760900,10000,214000,-939900
2013/11/04,9945,潤泰新          ,129000,389000,0,550000,38000,182000,-954000
2013/11/04,1101,台泥            ,969000,2059000,0,158000,316000,31000,-963000
2013/11/04,1102,亞泥            ,775600,1797000,0,0,45000,64804,-1041204
2013/11/04,5871,F-中租          ,640000,1444000,0,10000,90000,324000,-1048000
2013/11/04,1605,華新            ,141000,1384000,0,0,267000,87000,-1063000
2013/11/04,6269,台郡            ,50000,749683,0,297490,65000,131994,-1064167
2013/11/04,1710,東聯            ,33000,389000,0,531000,61000,270000,-1096000
2013/11/04,9938,百和            ,613000,211000,0,1464000,219000,274000,-1117000
2013/11/04,1447,力鵬            ,469850,270000,0,252000,510000,1753000,-1295150
2013/11/04,2327,國巨            ,197654,1537100,0,0,0,0,-1339446
2013/11/04,1305,華夏            ,101000,1082000,0,400000,0,145000,-1526000
2013/11/04,1303,南亞            ,144000,1437000,0,57000,66000,268425,-1552425
2013/11/04,2347,聯強            ,906000,1862000,31000,112000,349000,870000,-1558000
2013/11/04,3673,F-TPK           ,168000,1840900,0,0,7000,9000,-1674900
2013/11/04,5264,F-鎧勝          ,151000,550000,24000,1481000,271000,108000,-1693000
2013/11/04,1301,台塑            ,62000,1712544,0,129000,91000,48232,-1736776
2013/11/04,2886,兆豐金          ,882000,2852000,0,49000,283000,96602,-1832602
2013/11/04,1409,新纖            ,245000,1905000,0,0,0,232000,-1892000
2013/11/04,2458,義隆            ,110000,2153000,0,0,144000,28000,-1927000
2013/11/04,2388,威盛            ,215000,2347000,0,0,0,0,-2132000
2013/11/04,2882,國泰金          ,9078000,10658000,280000,100000,162000,1031451,-2269451
2013/11/04,0056,高股息          ,0,0,0,0,0,2427000,-2427000
2013/11/04,0050,台灣50          ,205000,1434000,0,0,2248000,3534000,-2515000
2013/11/04,2002,中鋼            ,3187020,5833766,0,0,52000,155978,-2750724
2013/11/04,2501,國建            ,118000,2890000,0,0,114000,112000,-2770000
2013/11/04,2520,冠德            ,536000,977000,0,2336000,4000,70000,-2843000
2013/11/04,1722,台肥            ,892000,2887000,0,836000,0,26000,-2857000
2013/11/04,2885,元大金          ,1405000,4275000,0,277000,0,202187,-3349187
2013/11/04,9939,宏全            ,73000,3273000,61000,451074,88000,29000,-3531074
2013/11/04,2890,永豐金          ,1935000,5171309,0,100000,30000,236138,-3542447
2013/11/04,6116,彩晶            ,3411000,3819000,0,0,370000,3890000,-3928000
2013/11/04,2353,宏??            ,3859099,6748005,0,0,187000,1456000,-4157906
2013/11/04,2801,彰銀            ,355000,5936000,682000,2000,236000,151000,-4816000
2013/11/04,2887,台新金          ,2037000,7000000,0,0,216000,247520,-4994520
2013/11/04,6239,力成            ,1486000,6497194,0,56000,249000,178000,-4996194
2013/11/04,2881,富邦金          ,1947000,4857742,0,2715000,772000,594000,-5447742
2013/11/04,3702,大聯大          ,471000,6199000,0,0,132000,55000,-5651000
2013/11/04,3481,群創            ,3924000,10369000,0,0,523000,32743,-5954743
2013/11/04,2344,華邦電          ,1288000,775000,0,6596000,429000,720000,-6374000
2013/11/04,2891,中信金          ,16418450,17442810,0,6437000,812000,899158,-7548518
2013/11/04,2317,鴻海            ,7619000,18597834,0,111000,1155000,575000,-10509834
2013/11/04,2833,台壽保          ,1239386,13279341,0,250000,824000,998000,-12463955
2013/11/04,2409,友達            ,1103000,15957000,0,0,527000,42000,-14369000
2013/11/04,2303,聯電            ,15017000,27993500,0,3604000,1243000,1919012,-17256512
